{"case_id": "eigh_f64_values_vectors_abs_001", "comparison": {"first_order": {"atol": 1e-06, "kind": "allclose", "rtol": 0.001}, "second_order": {"atol": 1e-06, "kind": "allclose", "rtol": 1e-05}}, "dtype": "float64", "expected_behavior": "success", "family": "values_vectors_abs", "inputs": {"a": {"data": [-1.9565099197133204, -0.7036659061100643, 1.1045521668270895, -0.21213448870581333, -0.16244653171660714, -0.7036659061100643, -1.4039628110653115, -1.20580427512341, -0.9518363400152712, 0.6555953650868201, 1.1045521668270895, -1.20580427512341, 0.3262272857240913, -0.435329007416686, -0.6346293363111879, -0.21213448870581333, -0.9518363400152712, -0.435329007416686, 1.1121228059365453, -0.24092167414628726, -0.16244653171660714, 0.6555953650868201, -0.6346293363111879, -0.24092167414628726, -1.5129861348155806], "dtype": "float64", "order": "row_major", "shape": [5, 5]}}, "observable": {"kind": "eigh_values_vectors_abs"}, "op": "eigh", "probes": [{"cotangent": {"values": {"data": [0.17850684995090735, 0.9501102395415016, 0.197033304592609, 0.06766975082624949, 0.14840660006692472], "dtype": "float64", "order": "row_major", "shape": [5]}, "vectors": {"data": [-0.15266304827681249, 0.1158623155017841, 0.14301768974363485, -0.2048196655002731, -0.2346496101365592, -0.2189809108346394, -0.24491446237059758, -0.10857103315183514, 0.10625138056792896, 0.48709429414066263, -0.29819587128358466, -0.013141672581597067, -0.10661405286339577, -0.004442104118284279, 0.005761046971869187, -0.4118609700187911, -0.23439866910867177, -0.14698389835836573, -0.04273387030020633, -0.22816848317666483, 0.18376307103698983, 0.16351295407679053, -0.06943688701700806, -0.030216356129430577, 0.10351034045197724], "dtype": "float64", "order": "row_major", "shape": [5, 5]}}, "direction": {"a": {"data": [0.34378028387692217, 0.036422440316099966, 0.034997978414162606, -0.13033515615928545, -0.22342164637492615, 0.036422440316099966, 0.24378376705379146, 0.08638498322047491, 0.039036450039694436, -0.32740729266249113, 0.034997978414162606, 0.08638498322047491, 0.3774366101543659, -0.3295940525238761, 0.013363286919456098, -0.13033515615928545, 0.039036450039694436, -0.3295940525238761, 0.08663627240878154, -0.1367960786100623, -0.22342164637492615, -0.32740729266249113, 0.013363286919456098, -0.1367960786100623, -0.21470216468887432], "dtype": "float64", "order": "row_major", "shape": [5, 5]}}, "fd_ref": {"hvp": {"a": {"data": [0.07585583584572952, 0.08399286848237414, -0.09174022233554302, -0.3386439490188341, 0.18509804235926594, 0.08399286848237414, -0.4310472515925316, 0.2892201272853478, 0.2973256754082331, -0.14625836810852705, -0.09174022233554302, 0.2892201272853478, -0.1509231405963045, -0.8020827920263595, 0.14781178390136585, -0.3386439490188341, 0.2973256754082331, -0.8020827920263595, 0.5725194444006715, 0.2278060104879766, 0.18509804235926594, -0.14625836810852705, 0.14781178390136585, 0.2278060104879766, -0.06640488822873333], "dtype": "float64", "order": "row_major", "shape": [5, 5]}}, "jvp": {"values": {"data": [0.9231606819585527, 0.598501462410912, -0.6815909761959259, 0.7670253567333776, 0.06677301272770449], "dtype": "float64", "order": "row_major", "shape": [5]}, "vectors": {"data": [0.07158489926362875, -0.038434823798529666, -0.1790962052304491, -0.36081219707445805, 0.19526576696204145, -0.00025197414285788, 0.027941712608505715, -0.15336963443428886, 0.6150888895453208, -0.1577701121683538, -0.023813516448504372, 0.001003633657852426, -0.05628302419616429, -0.8348102830114041, 0.42804404578790406, 0.046559008190093454, 0.03885233324275302, -0.008811347487813898, 0.28647260759913795, -1.0840336287884003, -0.23286627775796048, -0.002470221222982509, 0.07387427880079477, 0.3735285322690723, -0.060750681503147566], "dtype": "float64", "order": "row_major", "shape": [5, 5]}}, "method": "central_difference", "stencil_order": 2, "step": 4.459225782105232e-06}, "probe_id": "p0", "pytorch_ref": {"hvp": {"a": {"data": [0.07585583614106392, 0.08399286849607596, -0.09174022249178493, -0.3386439490298122, 0.18509804226642484, 0.08399286849607596, -0.4310472518002306, 0.2892201272147252, 0.2973256753799094, -0.14625836805210468, -0.09174022249178493, 0.2892201272147252, -0.15092314041565075, -0.8020827920754356, 0.14781178394183206, -0.3386439490298122, 0.2973256753799094, -0.8020827920754356, 0.5725194442932359, 0.2278060105205896, 0.18509804226642484, -0.14625836805210468, 0.14781178394183206, 0.2278060105205896, -0.06640488821841957], "dtype": "float64", "order": "row_major", "shape": [5, 5]}}, "jvp": {"values": {"data": [0.9231606821033748, 0.598501462487165, -0.6815909763379588, 0.7670253566431584, 0.06677301271423419], "dtype": "float64", "order": "row_major", "shape": [5]}, "vectors": {"data": [0.07158489919070377, -0.038434823728570884, -0.17909620524832665, -0.3608121970216308, 0.19526576698621156, -0.0002519740754150521, 0.027941712548916434, -0.15336963448596833, 0.6150888894999001, -0.15777011213043426, -0.023813516513101436, 0.0010036337426615602, -0.0562830242425781, -0.8348102829159376, 0.42804404573247795, 0.04655900821905801, 0.03885233321649863, -0.008811347547530468, 0.286472607601695, -1.0840336287090926, -0.23286627775215551, -0.002470221284529689, 0.07387427883766809, 0.373528532236392, -0.060750681508603493], "dtype": "float64", "order": "row_major", "shape": [5, 5]}}, "vjp": {"a": {"data": [1.2426911739167588, -0.5160632586004911, -0.598184580356984, -0.21166532831522794, 0.16052647102386092, -0.5160632586004911, 0.5805965621159044, 0.2804666598029882, 0.35487586034925467, 0.053432140351238805, -0.598184580356984, 0.2804666598029882, 0.91881076076558, -0.08545274973453479, -0.07277120742452706, -0.21166532831522794, 0.35487586034925467, -0.08545274973453479, 0.01894806154488443, 0.14483353821048833, 0.16052647102386092, 0.053432140351238805, -0.07277120742452706, 0.14483353821048833, 0.32240693161325656], "dtype": "float64", "order": "row_major", "shape": [5, 5]}}}}], "provenance": {"fd_policy_version": "v1", "generator": "python-pytorch-v1", "seed": 17, "source_commit": "449b1768410104d3ed79d3bcfe4ba1d65c7f22c0", "source_file": "torch/testing/_internal/opinfo/definitions/linalg.py", "source_function": "sample_inputs_linalg_eigh", "source_repo": "pytorch", "torch_version": "2.10.0"}, "schema_version": 1}
{"case_id": "eigh_f64_values_vectors_abs_002", "comparison": {"first_order": {"atol": 1e-06, "kind": "allclose", "rtol": 0.001}, "second_order": {"atol": 1e-06, "kind": "allclose", "rtol": 1e-05}}, "dtype": "float64", "expected_behavior": "success", "family": "values_vectors_abs", "inputs": {"a": {"data": [], "dtype": "float64", "order": "row_major", "shape": [0, 0]}}, "observable": {"kind": "eigh_values_vectors_abs"}, "op": "eigh", "probes": [{"cotangent": {"values": {"data": [], "dtype": "float64", "order": "row_major", "shape": [0]}, "vectors": {"data": [], "dtype": "float64", "order": "row_major", "shape": [0, 0]}}, "direction": {"a": {"data": [], "dtype": "float64", "order": "row_major", "shape": [0, 0]}}, "fd_ref": {"hvp": {"a": {"data": [], "dtype": "float64", "order": "row_major", "shape": [0, 0]}}, "jvp": {"values": {"data": [], "dtype": "float64", "order": "row_major", "shape": [0]}, "vectors": {"data": [], "dtype": "float64", "order": "row_major", "shape": [0, 0]}}, "method": "central_difference", "stencil_order": 2, "step": 1e-06}, "probe_id": "p0", "pytorch_ref": {"hvp": {"a": {"data": [], "dtype": "float64", "order": "row_major", "shape": [0, 0]}}, "jvp": {"values": {"data": [], "dtype": "float64", "order": "row_major", "shape": [0]}, "vectors": {"data": [], "dtype": "float64", "order": "row_major", "shape": [0, 0]}}, "vjp": {"a": {"data": [], "dtype": "float64", "order": "row_major", "shape": [0, 0]}}}}], "provenance": {"fd_policy_version": "v1", "generator": "python-pytorch-v1", "seed": 18, "source_commit": "449b1768410104d3ed79d3bcfe4ba1d65c7f22c0", "source_file": "torch/testing/_internal/opinfo/definitions/linalg.py", "source_function": "sample_inputs_linalg_eigh", "source_repo": "pytorch", "torch_version": "2.10.0"}, "schema_version": 1}
{"case_id": "eigh_f64_values_vectors_abs_003", "comparison": {"first_order": {"atol": 1e-06, "kind": "allclose", "rtol": 0.001}, "second_order": {"atol": 1e-06, "kind": "allclose", "rtol": 1e-05}}, "dtype": "float64", "expected_behavior": "success", "family": "values_vectors_abs", "inputs": {"a": {"data": [], "dtype": "float64", "order": "row_major", "shape": [0, 5, 5]}}, "observable": {"kind": "eigh_values_vectors_abs"}, "op": "eigh", "probes": [{"cotangent": {"values": {"data": [], "dtype": "float64", "order": "row_major", "shape": [0, 5]}, "vectors": {"data": [], "dtype": "float64", "order": "row_major", "shape": [0, 5, 5]}}, "direction": {"a": {"data": [], "dtype": "float64", "order": "row_major", "shape": [0, 5, 5]}}, "fd_ref": {"hvp": {"a": {"data": [], "dtype": "float64", "order": "row_major", "shape": [0, 5, 5]}}, "jvp": {"values": {"data": [], "dtype": "float64", "order": "row_major", "shape": [0, 5]}, "vectors": {"data": [], "dtype": "float64", "order": "row_major", "shape": [0, 5, 5]}}, "method": "central_difference", "stencil_order": 2, "step": 1e-06}, "probe_id": "p0", "pytorch_ref": {"hvp": {"a": {"data": [], "dtype": "float64", "order": "row_major", "shape": [0, 5, 5]}}, "jvp": {"values": {"data": [], "dtype": "float64", "order": "row_major", "shape": [0, 5]}, "vectors": {"data": [], "dtype": "float64", "order": "row_major", "shape": [0, 5, 5]}}, "vjp": {"a": {"data": [], "dtype": "float64", "order": "row_major", "shape": [0, 5, 5]}}}}], "provenance": {"fd_policy_version": "v1", "generator": "python-pytorch-v1", "seed": 19, "source_commit": "449b1768410104d3ed79d3bcfe4ba1d65c7f22c0", "source_file": "torch/testing/_internal/opinfo/definitions/linalg.py", "source_function": "sample_inputs_linalg_eigh", "source_repo": "pytorch", "torch_version": "2.10.0"}, "schema_version": 1}
{"case_id": "eigh_f64_values_vectors_abs_004", "comparison": {"first_order": {"atol": 1e-06, "kind": "allclose", "rtol": 0.001}, "second_order": {"atol": 1e-06, "kind": "allclose", "rtol": 1e-05}}, "dtype": "float64", "expected_behavior": "success", "family": "values_vectors_abs", "inputs": {"a": {"data": [], "dtype": "float64", "order": "row_major", "shape": [0, 0, 0]}}, "observable": {"kind": "eigh_values_vectors_abs"}, "op": "eigh", "probes": [{"cotangent": {"values": {"data": [], "dtype": "float64", "order": "row_major", "shape": [0, 0]}, "vectors": {"data": [], "dtype": "float64", "order": "row_major", "shape": [0, 0, 0]}}, "direction": {"a": {"data": [], "dtype": "float64", "order": "row_major", "shape": [0, 0, 0]}}, "fd_ref": {"hvp": {"a": {"data": [], "dtype": "float64", "order": "row_major", "shape": [0, 0, 0]}}, "jvp": {"values": {"data": [], "dtype": "float64", "order": "row_major", "shape": [0, 0]}, "vectors": {"data": [], "dtype": "float64", "order": "row_major", "shape": [0, 0, 0]}}, "method": "central_difference", "stencil_order": 2, "step": 1e-06}, "probe_id": "p0", "pytorch_ref": {"hvp": {"a": {"data": [], "dtype": "float64", "order": "row_major", "shape": [0, 0, 0]}}, "jvp": {"values": {"data": [], "dtype": "float64", "order": "row_major", "shape": [0, 0]}, "vectors": {"data": [], "dtype": "float64", "order": "row_major", "shape": [0, 0, 0]}}, "vjp": {"a": {"data": [], "dtype": "float64", "order": "row_major", "shape": [0, 0, 0]}}}}], "provenance": {"fd_policy_version": "v1", "generator": "python-pytorch-v1", "seed": 20, "source_commit": "449b1768410104d3ed79d3bcfe4ba1d65c7f22c0", "source_file": "torch/testing/_internal/opinfo/definitions/linalg.py", "source_function": "sample_inputs_linalg_eigh", "source_repo": "pytorch", "torch_version": "2.10.0"}, "schema_version": 1}
{"case_id": "eigh_f64_values_vectors_abs_005", "comparison": {"first_order": {"atol": 1e-06, "kind": "allclose", "rtol": 0.001}, "second_order": {"atol": 1e-06, "kind": "allclose", "rtol": 1e-05}}, "dtype": "float64", "expected_behavior": "success", "family": "values_vectors_abs", "inputs": {"a": {"data": [-1.9565099197133204, -0.7036659061100643, 1.1045521668270895, -0.21213448870581333, -0.16244653171660714, -0.7036659061100643, -1.4039628110653115, -1.20580427512341, -0.9518363400152712, 0.6555953650868201, 1.1045521668270895, -1.20580427512341, 0.3262272857240913, -0.435329007416686, -0.6346293363111879, -0.21213448870581333, -0.9518363400152712, -0.435329007416686, 1.1121228059365453, -0.24092167414628726, -0.16244653171660714, 0.6555953650868201, -0.6346293363111879, -0.24092167414628726, -1.5129861348155806, -1.4329992929009885, 0.365357807618532, 0.646074384816649, -0.03204285515620231, -0.7329876638557444, 0.365357807618532, -0.421969011379166, -0.5297524005893011, -0.0876100161860941, -0.08745321154768215, 0.646074384816649, -0.5297524005893011, -1.2931493217683308, 0.05672007824802067, -0.199114594339586, -0.03204285515620231, -0.0876100161860941, 0.05672007824802067, -0.8766832870491577, 0.15854947684817566, -0.7329876638557444, -0.08745321154768215, -0.199114594339586, 0.15854947684817566, -1.8013439810563394], "dtype": "float64", "order": "row_major", "shape": [2, 5, 5]}}, "observable": {"kind": "eigh_values_vectors_abs"}, "op": "eigh", "probes": [{"cotangent": {"values": {"data": [-0.15384965601394407, -0.42459150694367664, -0.0684127915506976, -0.0912670772770758, 0.19963290990098487, 0.016267240086532346, -0.582562982457424, -0.4547769033320986, -0.2826365020529816, 0.3418177463077298], "dtype": "float64", "order": "row_major", "shape": [2, 5]}, "vectors": {"data": [-0.08835581266400981, 0.11041623317066912, -0.1812059904683826, -0.2501581645894974, -0.2341130608418939, 0.29371584946305146, -0.26019116400287684, 0.0333044787022062, -0.19087068686880912, -0.2895406944182559, -0.059294659918807446, -0.03021933301856257, 0.021771572856047118, -0.02310704720616465, -0.20090791418840573, 0.26684613165856247, 0.040752374786894696, 0.06646785795184885, -0.02774695917983556, -0.031207255687251575, -0.00795218763315806, 0.2030602132875361, 0.03750019917010006, 0.17321585182817326, 0.10034173653103401, -0.050168426690939454, -0.17707307911634637, -0.0988733717145683, -0.04410549603871228, -0.16204188166224243, -0.16166905067794127, 0.03964675512425939, -0.09445609516696335, 0.09376282291579967, 0.15642442472729698, -0.032529355851730744, -0.09839841320948091, -0.048307024591293025, -0.09791432005752877, 0.015604733043427327, 0.05301722308879189, -0.009813710662173632, -0.23731848767346533, 0.11537598549239227, -0.15410614819406904, 0.15650901629549133, 0.01135856640303316, 0.14844699678970946, 0.08520742710075954, 0.1788150794715242], "dtype": "float64", "order": "row_major", "shape": [2, 5, 5]}}, "direction": {"a": {"data": [0.37387091707989484, 0.10964819487128173, -0.11638883712043124, -0.20718904831192866, 0.11698587499465893, 0.10964819487128173, -0.036290561200757646, 0.13039671239021217, 0.07159490841577347, -0.22661925308545428, -0.11638883712043124, 0.13039671239021217, -0.24179674727081013, -0.1581833507662364, 0.034875092504158774, -0.20718904831192866, 0.07159490841577347, -0.1581833507662364, 0.045255541685161944, -0.0841970769355213, 0.11698587499465893, -0.22661925308545428, 0.034875092504158774, -0.0841970769355213, 0.15727886290927381, 0.04818864104417311, 0.0967990626603459, -0.22247081043362182, 0.09005361385508305, 0.09402430452088138, 0.0967990626603459, 0.10633274130757187, 0.13524041485903845, -0.11459803770204721, 0.09783678773763996, -0.22247081043362182, 0.13524041485903845, 0.10700830768993189, 0.024169147208473036, 0.12193782512550165, 0.09005361385508305, -0.11459803770204721, 0.024169147208473036, 0.27864331815774984, -0.07452278330852917, 0.09402430452088138, 0.09783678773763996, 0.12193782512550165, -0.07452278330852917, -0.13157477494070444], "dtype": "float64", "order": "row_major", "shape": [2, 5, 5]}}, "fd_ref": {"hvp": {"a": {"data": [-0.06920654842074873, 0.2694109810863773, 0.2697614329659622, 0.012734597524403675, -0.04787682674510637, 0.2694109810863773, -0.1653593123800205, -0.31335301209735134, 0.09632710513320114, -0.31826629900733816, 0.2697614329659622, -0.31335301209735134, -0.07376316002490013, -0.29917333979676713, -0.028551828362194366, 0.012734597524403675, 0.09632710513320114, -0.29917333979676713, -0.19154852448672188, 0.027453558286099914, -0.04787682674510637, -0.31826629900733816, -0.028551828362194366, 0.027453558286099914, 0.49987754525854794, -0.010726847903966823, 0.7751841978831502, -0.13004792019218656, -0.03342082852438281, 0.054228793554883865, 0.7751841978831502, 0.2938128276810241, 0.38682756545744873, -0.38455615298589274, -0.39562814724395884, -0.13004792019218656, 0.38682756545744873, -0.5748696929996809, 0.16398333951174382, 0.17298844552902737, -0.03342082852438281, -0.38455615298589274, 0.16398333951174382, 0.04605791942234909, -0.04305823999418206, 0.054228793554883865, -0.39562814724395884, 0.17298844552902737, -0.04305823999418206, 0.24572579371011832], "dtype": "float64", "order": "row_major", "shape": [2, 5, 5]}}, "jvp": {"values": {"data": [0.5632759149456101, 0.4298310331221729, 0.18755201236348054, 0.3247236044922291, -0.9087465383028371, 0.18563056242941503, 0.491851910486207, 0.5099332800516438, -0.5554569831960072, 0.18523769661212688], "dtype": "float64", "order": "row_major", "shape": [2, 5]}, "vectors": {"data": [-0.14281577494777864, 0.07964371038646646, 0.2202695209975237, -0.03184091914793633, 0.04237283240379433, 0.14892409846826535, -0.11550553613530183, -0.3087834086954043, 0.12199475034777972, -0.030699577897439323, -0.13999678473817612, 0.14922802816566502, -0.24509138025397245, -0.19396383097847578, 0.08444315997858219, 0.07926437277748312, -0.002263935015993019, -0.061497222614979474, 0.06090836829141471, -0.23340260167424437, -0.033260378054937305, -0.47989929233984896, 0.0723236390555694, 0.10156572528404087, 0.0009504531474843361, -0.06594397116739231, 0.20596050816119968, -0.04303974471985219, -0.03839443850043666, 0.29827920347249376, -0.02010649331547079, 0.0037981450614365643, 0.08889831770876663, -0.3465782862269505, -0.005127759525000459, -0.1651544689763228, 0.07647322542689608, -0.165508811131538, 0.1795767189482828, -0.24419375042579755, 0.03599415010301509, -0.09161147711821514, 0.002904217847543846, -0.18372984268762468, 0.18796869803546926, 0.17246153637966108, -0.11484619363292997, 0.015466156379672028, -0.09303458439302356, 0.12179152812005177], "dtype": "float64", "order": "row_major", "shape": [2, 5, 5]}}, "method": "central_difference", "stencil_order": 2, "step": 5.541498561384988e-06}, "probe_id": "p0", "pytorch_ref": {"hvp": {"a": {"data": [-0.06920654853637946, 0.26941098114612744, 0.26976143298488003, 0.012734597565792947, -0.04787682676461981, 0.26941098114612744, -0.16535931228427853, -0.3133530120746608, 0.09632710513589979, -0.3182662990702698, 0.26976143298488003, -0.3133530120746608, -0.07376316007803231, -0.2991733396954258, -0.028551828373322277, 0.012734597565792947, 0.09632710513589979, -0.2991733396954258, -0.19154852441374173, 0.027453558222183736, -0.04787682676461981, -0.3182662990702698, -0.028551828373322277, 0.027453558222183736, 0.49987754531243156, -0.010726847936513947, 0.7751841977947721, -0.13004792025599832, -0.033420828512981414, 0.054228793509289226, 0.7751841977947721, 0.2938128276903105, 0.3868275654575616, -0.3845561529890299, -0.3956281472040445, -0.13004792025599832, 0.3868275654575616, -0.5748696929029228, 0.16398333948035987, 0.17298844550783446, -0.033420828512981414, -0.3845561529890299, 0.16398333948035987, 0.046057919469616036, -0.04305823996395923, 0.054228793509289226, -0.3956281472040445, 0.17298844550783446, -0.04305823996395923, 0.24572579367951025], "dtype": "float64", "order": "row_major", "shape": [2, 5, 5]}}, "jvp": {"values": {"data": [0.5632759148701988, 0.4298310331860967, 0.18755201215397524, 0.3247236045760025, -0.9087465383807493, 0.18563056232167846, 0.49185191049781635, 0.5099332800929435, -0.5554569830443649, 0.18523769664937176], "dtype": "float64", "order": "row_major", "shape": [2, 5]}, "vectors": {"data": [-0.14281577498051223, 0.07964371040679703, 0.2202695209750996, -0.03184091913186065, 0.04237283238557764, 0.1489240984771098, -0.11550553615090164, -0.30878340873210125, 0.12199475032074543, -0.03069957792823974, -0.1399967847972865, 0.1492280281602058, -0.24509138025836938, -0.1939638309347822, 0.08444315998628725, 0.07926437278911892, -0.002263935056340966, -0.06149722264076577, 0.06090836825042917, -0.23340260167158816, -0.033260378145014216, -0.47989929237670653, 0.07232363902418142, 0.10156572528155347, 0.0009504531435646892, -0.06594397117465649, 0.20596050808971983, -0.043039744688376916, -0.038394438479319656, 0.298279203512869, -0.020106493304760414, 0.0037981450283249563, 0.08889831772335118, -0.3465782862508709, -0.005127759514339598, -0.16515446895429725, 0.07647322537801785, -0.16550881110170446, 0.1795767189597375, -0.24419375044678018, 0.03599415007070343, -0.09161147712951323, 0.0029042178256838865, -0.18372984265881498, 0.18796869804999594, 0.17246153638928313, -0.11484619360079483, 0.015466156340287272, -0.0930345844281969, 0.12179152812637567], "dtype": "float64", "order": "row_major", "shape": [2, 5, 5]}}, "vjp": {"a": {"data": [-0.05373739861154209, 0.0785528241431078, 0.0775720279898349, 0.07011401303085853, -0.3788233074378959, 0.0785528241431078, -0.7162088543988288, -0.5203104656613184, -0.25254096344492216, 0.4196231370312089, 0.0775720279898349, -0.5203104656613184, 0.0747371572994345, 0.0261831640206022, 0.18072736216861068, 0.07011401303085853, -0.25254096344492216, 0.0261831640206022, -0.1998513379071002, 0.03899795814822972, -0.3788233074378959, 0.4196231370312089, 0.18072736216861068, 0.03899795814822972, -0.18191581015078137, -0.3369271490784776, -0.16282024319534472, -0.10197683825102336, 0.00726072311933822, 0.3081090034387207, -0.16282024319534472, 0.46086305081602613, -0.6665913425260839, -0.03753818702419915, -0.19271613248429625, -0.10197683825102336, -0.6665913425260839, -0.5047532994636014, 0.08563124026223819, -0.36738532450491823, 0.00726072311933822, -0.03753818702419915, 0.08563124026223819, -0.942309664177307, 0.02798065834949562, 0.3081090034387207, -0.19271613248429625, -0.36738532450491823, 0.02798065834949562, -0.6006557409931235], "dtype": "float64", "order": "row_major", "shape": [2, 5, 5]}}}}], "provenance": {"fd_policy_version": "v1", "generator": "python-pytorch-v1", "seed": 21, "source_commit": "449b1768410104d3ed79d3bcfe4ba1d65c7f22c0", "source_file": "torch/testing/_internal/opinfo/definitions/linalg.py", "source_function": "sample_inputs_linalg_eigh", "source_repo": "pytorch", "torch_version": "2.10.0"}, "schema_version": 1}
{"case_id": "eigh_f64_values_vectors_abs_006", "comparison": {"first_order": {"atol": 1e-06, "kind": "allclose", "rtol": 0.001}, "second_order": {"atol": 1e-06, "kind": "allclose", "rtol": 1e-05}}, "dtype": "float64", "expected_behavior": "success", "family": "values_vectors_abs", "inputs": {"a": {"data": [], "dtype": "float64", "order": "row_major", "shape": [2, 0, 0]}}, "observable": {"kind": "eigh_values_vectors_abs"}, "op": "eigh", "probes": [{"cotangent": {"values": {"data": [], "dtype": "float64", "order": "row_major", "shape": [2, 0]}, "vectors": {"data": [], "dtype": "float64", "order": "row_major", "shape": [2, 0, 0]}}, "direction": {"a": {"data": [], "dtype": "float64", "order": "row_major", "shape": [2, 0, 0]}}, "fd_ref": {"hvp": {"a": {"data": [], "dtype": "float64", "order": "row_major", "shape": [2, 0, 0]}}, "jvp": {"values": {"data": [], "dtype": "float64", "order": "row_major", "shape": [2, 0]}, "vectors": {"data": [], "dtype": "float64", "order": "row_major", "shape": [2, 0, 0]}}, "method": "central_difference", "stencil_order": 2, "step": 1e-06}, "probe_id": "p0", "pytorch_ref": {"hvp": {"a": {"data": [], "dtype": "float64", "order": "row_major", "shape": [2, 0, 0]}}, "jvp": {"values": {"data": [], "dtype": "float64", "order": "row_major", "shape": [2, 0]}, "vectors": {"data": [], "dtype": "float64", "order": "row_major", "shape": [2, 0, 0]}}, "vjp": {"a": {"data": [], "dtype": "float64", "order": "row_major", "shape": [2, 0, 0]}}}}], "provenance": {"fd_policy_version": "v1", "generator": "python-pytorch-v1", "seed": 22, "source_commit": "449b1768410104d3ed79d3bcfe4ba1d65c7f22c0", "source_file": "torch/testing/_internal/opinfo/definitions/linalg.py", "source_function": "sample_inputs_linalg_eigh", "source_repo": "pytorch", "torch_version": "2.10.0"}, "schema_version": 1}
{"case_id": "eigh_f64_values_vectors_abs_007", "comparison": {"first_order": {"atol": 1e-06, "kind": "allclose", "rtol": 0.001}, "second_order": {"atol": 1e-06, "kind": "allclose", "rtol": 1e-05}}, "dtype": "float64", "expected_behavior": "success", "family": "values_vectors_abs", "inputs": {"a": {"data": [-1.9565099197133204, -0.7036659061100643, 1.1045521668270895, -0.21213448870581333, -0.16244653171660714, -0.7036659061100643, -1.4039628110653115, -1.20580427512341, -0.9518363400152712, 0.6555953650868201, 1.1045521668270895, -1.20580427512341, 0.3262272857240913, -0.435329007416686, -0.6346293363111879, -0.21213448870581333, -0.9518363400152712, -0.435329007416686, 1.1121228059365453, -0.24092167414628726, -0.16244653171660714, 0.6555953650868201, -0.6346293363111879, -0.24092167414628726, -1.5129861348155806], "dtype": "float64", "order": "row_major", "shape": [1, 1, 5, 5]}}, "observable": {"kind": "eigh_values_vectors_abs"}, "op": "eigh", "probes": [{"cotangent": {"values": {"data": [-0.537094877129808, 0.6511397728658842, 0.1797260279755244, 0.40444155735197457, -0.30277329919914003], "dtype": "float64", "order": "row_major", "shape": [1, 1, 5]}, "vectors": {"data": [0.2089554063441382, 0.12636842340083732, 0.11926896860111438, 0.19978594606007843, -0.28958971729828836, 0.34757172095129996, -0.05300710686493926, 0.11844974149035843, -0.14078365061275327, -0.2618688409960142, 0.16170147084667633, 0.2275935146581949, -0.26701411827885624, -0.4842090960075183, 0.08598265029118422, 0.01716647310443481, -0.05313970074659645, -0.05548430268043539, -0.12255417349688705, -0.1591834783982538, -0.055838004422366534, 0.17220137804106844, -0.022658082526010093, 0.253051960516985, 0.20336035761051527], "dtype": "float64", "order": "row_major", "shape": [1, 1, 5, 5]}}, "direction": {"a": {"data": [0.04643887887380278, -0.09759283151238314, 0.2231029665604025, -0.1551604991021544, -0.04347644402186387, -0.09759283151238314, -0.27356432274594816, 0.16690506850485862, -0.15325249930048326, -0.12395541449174732, 0.2231029665604025, 0.16690506850485862, -0.10445348432028163, 0.4467947936720919, -0.08522769170618463, -0.1551604991021544, -0.15325249930048326, 0.4467947936720919, -0.3510539411611973, -0.12255636218363655, -0.04347644402186387, -0.12395541449174732, -0.08522769170618463, -0.12255636218363655, 0.20271179343063112], "dtype": "float64", "order": "row_major", "shape": [1, 1, 5, 5]}}, "fd_ref": {"hvp": {"a": {"data": [-0.1912820834063381, -0.27494937161669286, 0.08377771830997713, 0.4930692790483408, -0.30393512897576336, -0.27494937161669286, 0.679430202786483, -0.23105477008484962, -0.7886851437461554, 0.16158207998864418, 0.08377771830997713, -0.23105477008484962, -0.2537640220092159, 1.5275886050713294, -0.049614722844873706, 0.4930692790483408, -0.7886851437461554, 1.5275886050713294, -0.4096729167563657, -0.4428186962008142, -0.30393512897576336, 0.16158207998864418, -0.049614722844873706, -0.4428186962008142, 0.1752888190960065], "dtype": "float64", "order": "row_major", "shape": [1, 1, 5, 5]}}, "jvp": {"values": {"data": [-0.4128587281895862, 0.06492730042674494, 0.17517793621874658, -0.9733481281331644, 0.18625946840914454], "dtype": "float64", "order": "row_major", "shape": [1, 1, 5]}, "vectors": {"data": [0.08647789364533863, -0.14273675555506754, -0.006347400963624592, 0.33132515400629764, -0.0691839367146234, -0.041568025319134005, 0.13708893321606724, -0.19882305459464508, -0.3565824205275267, 0.02985387959063613, 0.12590300958523845, 0.04511673624712085, -0.10590083659711849, 0.5461777412630394, -0.2620819531035512, 0.04830708681295869, 0.007810126295390981, -0.0395739538136296, -0.20951597195914765, 0.7381192362406775, -0.18195611041864018, -0.13375597013056903, 0.06261884612492782, -0.20645315697619418, 0.029911697390621873], "dtype": "float64", "order": "row_major", "shape": [1, 1, 5, 5]}}, "method": "central_difference", "stencil_order": 2, "step": 4.459225782105232e-06}, "probe_id": "p0", "pytorch_ref": {"hvp": {"a": {"data": [-0.19128208310388717, -0.2749493715693022, 0.08377771825904246, 0.4930692787437082, -0.30393512888313373, -0.2749493715693022, 0.6794302023763867, -0.23105476992968166, -0.788685143344408, 0.1615820799106652, 0.08377771825904246, -0.23105476992968166, -0.25376402167778966, 1.5275886041591704, -0.04961472277101628, 0.4930692787437082, -0.788685143344408, 1.5275886041591704, -0.40967291655233623, -0.44281869590949513, -0.30393512888313373, 0.1615820799106652, -0.04961472277101628, -0.44281869590949513, 0.17528881895762907], "dtype": "float64", "order": "row_major", "shape": [1, 1, 5, 5]}}, "jvp": {"values": {"data": [-0.412858728292412, 0.06492730049107759, 0.17517793618090371, -0.9733481281332474, 0.18625946790769257], "dtype": "float64", "order": "row_major", "shape": [1, 1, 5]}, "vectors": {"data": [0.08647789355139533, -0.14273675540066666, -0.006347400908794942, 0.3313251539331223, -0.06918393669592311, -0.04156802520646121, 0.1370889331586525, -0.19882305454037308, -0.3565824204027888, 0.029853879555889765, 0.12590300948627062, 0.04511673628074224, -0.10590083653974774, 0.546177741169149, -0.26208195302964143, 0.048307086790971135, 0.007810126277935396, -0.03957395379294983, -0.20951597187770704, 0.7381192360265367, -0.1819561103395427, -0.1337559701579504, 0.06261884606611041, -0.20645315691009247, 0.029911697416927337], "dtype": "float64", "order": "row_major", "shape": [1, 1, 5, 5]}}, "vjp": {"a": {"data": [0.10285454858960294, -0.8222031945342698, -0.29537213930762907, -0.6680271480604696, 0.40394794626630026, -0.8222031945342698, -0.3674963926381096, 0.5633099356378313, 0.4132153030680661, 0.03176527947565088, -0.29537213930762907, 0.5633099356378313, 0.5826302168410197, -0.6771428349877623, 0.058136268579699515, -0.6680271480604696, 0.4132153030680661, -0.6771428349877623, 0.28361826055789785, 0.2950388982307077, 0.40394794626630026, 0.03176527947565088, 0.058136268579699515, 0.2950388982307077, 0.1892717303784589], "dtype": "float64", "order": "row_major", "shape": [1, 1, 5, 5]}}}}], "provenance": {"fd_policy_version": "v1", "generator": "python-pytorch-v1", "seed": 23, "source_commit": "449b1768410104d3ed79d3bcfe4ba1d65c7f22c0", "source_file": "torch/testing/_internal/opinfo/definitions/linalg.py", "source_function": "sample_inputs_linalg_eigh", "source_repo": "pytorch", "torch_version": "2.10.0"}, "schema_version": 1}
{"case_id": "eigh_f64_values_vectors_abs_008", "comparison": {"first_order": {"atol": 1e-06, "kind": "allclose", "rtol": 0.001}, "second_order": {"atol": 1e-06, "kind": "allclose", "rtol": 1e-05}}, "dtype": "float64", "expected_behavior": "success", "family": "values_vectors_abs", "inputs": {"a": {"data": [], "dtype": "float64", "order": "row_major", "shape": [1, 1, 0, 0]}}, "observable": {"kind": "eigh_values_vectors_abs"}, "op": "eigh", "probes": [{"cotangent": {"values": {"data": [], "dtype": "float64", "order": "row_major", "shape": [1, 1, 0]}, "vectors": {"data": [], "dtype": "float64", "order": "row_major", "shape": [1, 1, 0, 0]}}, "direction": {"a": {"data": [], "dtype": "float64", "order": "row_major", "shape": [1, 1, 0, 0]}}, "fd_ref": {"hvp": {"a": {"data": [], "dtype": "float64", "order": "row_major", "shape": [1, 1, 0, 0]}}, "jvp": {"values": {"data": [], "dtype": "float64", "order": "row_major", "shape": [1, 1, 0]}, "vectors": {"data": [], "dtype": "float64", "order": "row_major", "shape": [1, 1, 0, 0]}}, "method": "central_difference", "stencil_order": 2, "step": 1e-06}, "probe_id": "p0", "pytorch_ref": {"hvp": {"a": {"data": [], "dtype": "float64", "order": "row_major", "shape": [1, 1, 0, 0]}}, "jvp": {"values": {"data": [], "dtype": "float64", "order": "row_major", "shape": [1, 1, 0]}, "vectors": {"data": [], "dtype": "float64", "order": "row_major", "shape": [1, 1, 0, 0]}}, "vjp": {"a": {"data": [], "dtype": "float64", "order": "row_major", "shape": [1, 1, 0, 0]}}}}], "provenance": {"fd_policy_version": "v1", "generator": "python-pytorch-v1", "seed": 24, "source_commit": "449b1768410104d3ed79d3bcfe4ba1d65c7f22c0", "source_file": "torch/testing/_internal/opinfo/definitions/linalg.py", "source_function": "sample_inputs_linalg_eigh", "source_repo": "pytorch", "torch_version": "2.10.0"}, "schema_version": 1}
