{"case_id": "pinv_hermitian_f64_identity_001", "comparison": {"first_order": {"atol": 1e-06, "kind": "allclose", "rtol": 0.0001}, "second_order": {"atol": 1e-05, "kind": "allclose", "rtol": 0.0001}}, "dtype": "float64", "expected_behavior": "success", "family": "identity", "inputs": {"a": {"data": [-1.9565099197133204, -0.7036659061100643, 1.1045521668270895, -0.21213448870581333, -0.16244653171660714, -0.7036659061100643, -1.4039628110653115, -1.20580427512341, -0.9518363400152712, 0.6555953650868201, 1.1045521668270895, -1.20580427512341, 0.3262272857240913, -0.435329007416686, -0.6346293363111879, -0.21213448870581333, -0.9518363400152712, -0.435329007416686, 1.1121228059365453, -0.24092167414628726, -0.16244653171660714, 0.6555953650868201, -0.6346293363111879, -0.24092167414628726, -1.5129861348155806], "dtype": "float64", "order": "row_major", "shape": [5, 5]}}, "observable": {"kind": "identity"}, "op": "pinv_hermitian", "probes": [{"cotangent": {"value": {"data": [0.03749158605924023, -0.26219801992153097, -0.014738706057789775, -0.06514400708589858, -0.3806125381639458, -0.005511479010301242, -0.1424047905362691, 0.10807689847880969, 0.1340819070106057, -0.17969156067364714, -0.12005126875985751, -0.025470072215545307, 0.12230315381028785, 0.20102178293465053, -0.09382634387476411, 0.45436378816921913, -0.2781584742885612, 0.06817454311935953, 0.0916440284361147, 0.47547025810353694, 0.042151500505492843, -0.27164080295203413, -0.011853571758602353, -0.13710725348529879, -0.03986234991109686], "dtype": "float64", "order": "row_major", "shape": [5, 5]}}, "direction": {"a": {"data": [0.34378028387692217, 0.036422440316099966, 0.034997978414162606, -0.13033515615928545, -0.22342164637492615, 0.036422440316099966, 0.24378376705379146, 0.08638498322047491, 0.039036450039694436, -0.32740729266249113, 0.034997978414162606, 0.08638498322047491, 0.3774366101543659, -0.3295940525238761, 0.013363286919456098, -0.13033515615928545, 0.039036450039694436, -0.3295940525238761, 0.08663627240878154, -0.1367960786100623, -0.22342164637492615, -0.32740729266249113, 0.013363286919456098, -0.1367960786100623, -0.21470216468887432], "dtype": "float64", "order": "row_major", "shape": [5, 5]}}, "fd_ref": {"hvp": {"a": {"data": [-0.003268275377233486, -0.00010031617550691833, -0.000308252713770136, -0.005427159302745206, -0.000437494269378331, -0.00010031617550691833, -0.003137885699338283, 0.003592749128850353, -0.0008242956235728941, -0.0015991771040738732, -0.000308252713770136, 0.003592749128850353, -0.008867033711192246, -0.003932463600811659, 0.005395510319151524, -0.005427159302745206, -0.0008242956235728941, -0.003932463600811659, -0.007077635016194511, -0.02089068996153366, -0.000437494269378331, -0.0015991771040738732, 0.005395510319151524, -0.02089068996153366, -0.014622225445132728], "dtype": "float64", "order": "row_major", "shape": [5, 5]}}, "jvp": {"value": {"data": [-0.015477156950003448, 0.0014569815567438877, 0.012600361958065572, 0.03275698297625381, 0.03812692488740952, 0.0014569815582999638, -0.015451619763115078, 0.009933196579482148, -0.03825997107550774, 0.021479788245512048, 0.012600361958065572, 0.009933196579482148, -0.030219903175476088, 0.05736924601600921, 0.046268625854543756, 0.03275698297703185, -0.03825997107550774, 0.05736924601600921, -0.06437190951565942, -0.020081377665293543, 0.038126924886631476, 0.021479788245512048, 0.046268625854543756, -0.020081377665293543, 0.023480620868252696], "dtype": "float64", "order": "row_major", "shape": [5, 5]}}, "method": "central_difference", "stencil_order": 2, "step": 4.459225782105232e-06}, "probe_id": "p0", "pytorch_ref": {"hvp": {"a": {"data": [-0.003268275379282146, -0.00010031617638332259, -0.00030825271647620493, -0.005427159303672629, -0.00043749427493799346, -0.00010031617638332259, -0.0031378856933592853, 0.003592749131028877, -0.0008242956288495879, -0.0015991771093711521, -0.00030825271647620493, 0.003592749131028877, -0.008867033712652654, -0.003932463596081502, 0.005395510320311325, -0.005427159303672629, -0.0008242956288495879, -0.003932463596081502, -0.007077635011516655, -0.02089068996416176, -0.00043749427493799346, -0.0015991771093711521, 0.005395510320311325, -0.02089068996416176, -0.014622225443425124], "dtype": "float64", "order": "row_major", "shape": [5, 5]}}, "jvp": {"value": {"data": [-0.015477156946202318, 0.0014569815616820875, 0.01260036194087907, 0.03275698296683413, 0.038126924887589383, 0.0014569815616820977, -0.015451619758578686, 0.009933196605926486, -0.03825997107419471, 0.021479788229755895, 0.012600361940879072, 0.009933196605926493, -0.030219903206462447, 0.05736924602774239, 0.04626862585887583, 0.03275698296683412, -0.03825997107419469, 0.057369246027742404, -0.06437190949645029, -0.02008137767501417, 0.03812692488758939, 0.021479788229755898, 0.04626862585887581, -0.02008137767501415, 0.023480620887224028], "dtype": "float64", "order": "row_major", "shape": [5, 5]}}, "vjp": {"a": {"data": [-0.0005268190284728868, 0.006894805090059582, 0.014245883021946048, 0.030869739992799843, 0.009802827262552176, 0.006894805090059582, -0.021574017201839962, 0.013164000216668062, 0.011002901877357384, -0.009886565906442452, 0.014245883021946048, 0.013164000216668062, 0.012989546563597382, -0.00498441858265112, -0.0034292333295954207, 0.030869739992799843, 0.011002901877357384, -0.00498441858265112, 0.020106750733216237, 0.05962627618828071, 0.009802827262552176, -0.009886565906442452, -0.0034292333295954207, 0.05962627618828071, -0.011544684520693588], "dtype": "float64", "order": "row_major", "shape": [5, 5]}}}}], "provenance": {"fd_policy_version": "v1", "generator": "python-pytorch-v1", "seed": 17, "source_commit": "449b1768410104d3ed79d3bcfe4ba1d65c7f22c0", "source_file": "torch/testing/_internal/opinfo/definitions/linalg.py", "source_function": "sample_inputs_linalg_pinv_hermitian", "source_repo": "pytorch", "torch_version": "2.10.0"}, "schema_version": 1}
{"case_id": "pinv_hermitian_f64_identity_002", "comparison": {"first_order": {"atol": 1e-06, "kind": "allclose", "rtol": 0.0001}, "second_order": {"atol": 1e-05, "kind": "allclose", "rtol": 0.0001}}, "dtype": "float64", "expected_behavior": "success", "family": "identity", "inputs": {"a": {"data": [], "dtype": "float64", "order": "row_major", "shape": [0, 0]}}, "observable": {"kind": "identity"}, "op": "pinv_hermitian", "probes": [{"cotangent": {"value": {"data": [], "dtype": "float64", "order": "row_major", "shape": [0, 0]}}, "direction": {"a": {"data": [], "dtype": "float64", "order": "row_major", "shape": [0, 0]}}, "fd_ref": {"hvp": {"a": {"data": [], "dtype": "float64", "order": "row_major", "shape": [0, 0]}}, "jvp": {"value": {"data": [], "dtype": "float64", "order": "row_major", "shape": [0, 0]}}, "method": "central_difference", "stencil_order": 2, "step": 1e-06}, "probe_id": "p0", "pytorch_ref": {"hvp": {"a": {"data": [], "dtype": "float64", "order": "row_major", "shape": [0, 0]}}, "jvp": {"value": {"data": [], "dtype": "float64", "order": "row_major", "shape": [0, 0]}}, "vjp": {"a": {"data": [], "dtype": "float64", "order": "row_major", "shape": [0, 0]}}}}], "provenance": {"fd_policy_version": "v1", "generator": "python-pytorch-v1", "seed": 18, "source_commit": "449b1768410104d3ed79d3bcfe4ba1d65c7f22c0", "source_file": "torch/testing/_internal/opinfo/definitions/linalg.py", "source_function": "sample_inputs_linalg_pinv_hermitian", "source_repo": "pytorch", "torch_version": "2.10.0"}, "schema_version": 1}
{"case_id": "pinv_hermitian_f64_identity_003", "comparison": {"first_order": {"atol": 1e-06, "kind": "allclose", "rtol": 0.0001}, "second_order": {"atol": 1e-05, "kind": "allclose", "rtol": 0.0001}}, "dtype": "float64", "expected_behavior": "success", "family": "identity", "inputs": {"a": {"data": [], "dtype": "float64", "order": "row_major", "shape": [0, 5, 5]}}, "observable": {"kind": "identity"}, "op": "pinv_hermitian", "probes": [{"cotangent": {"value": {"data": [], "dtype": "float64", "order": "row_major", "shape": [0, 5, 5]}}, "direction": {"a": {"data": [], "dtype": "float64", "order": "row_major", "shape": [0, 5, 5]}}, "fd_ref": {"hvp": {"a": {"data": [], "dtype": "float64", "order": "row_major", "shape": [0, 5, 5]}}, "jvp": {"value": {"data": [], "dtype": "float64", "order": "row_major", "shape": [0, 5, 5]}}, "method": "central_difference", "stencil_order": 2, "step": 1e-06}, "probe_id": "p0", "pytorch_ref": {"hvp": {"a": {"data": [], "dtype": "float64", "order": "row_major", "shape": [0, 5, 5]}}, "jvp": {"value": {"data": [], "dtype": "float64", "order": "row_major", "shape": [0, 5, 5]}}, "vjp": {"a": {"data": [], "dtype": "float64", "order": "row_major", "shape": [0, 5, 5]}}}}], "provenance": {"fd_policy_version": "v1", "generator": "python-pytorch-v1", "seed": 19, "source_commit": "449b1768410104d3ed79d3bcfe4ba1d65c7f22c0", "source_file": "torch/testing/_internal/opinfo/definitions/linalg.py", "source_function": "sample_inputs_linalg_pinv_hermitian", "source_repo": "pytorch", "torch_version": "2.10.0"}, "schema_version": 1}
{"case_id": "pinv_hermitian_f64_identity_004", "comparison": {"first_order": {"atol": 1e-06, "kind": "allclose", "rtol": 0.0001}, "second_order": {"atol": 1e-05, "kind": "allclose", "rtol": 0.0001}}, "dtype": "float64", "expected_behavior": "success", "family": "identity", "inputs": {"a": {"data": [], "dtype": "float64", "order": "row_major", "shape": [0, 0, 0]}}, "observable": {"kind": "identity"}, "op": "pinv_hermitian", "probes": [{"cotangent": {"value": {"data": [], "dtype": "float64", "order": "row_major", "shape": [0, 0, 0]}}, "direction": {"a": {"data": [], "dtype": "float64", "order": "row_major", "shape": [0, 0, 0]}}, "fd_ref": {"hvp": {"a": {"data": [], "dtype": "float64", "order": "row_major", "shape": [0, 0, 0]}}, "jvp": {"value": {"data": [], "dtype": "float64", "order": "row_major", "shape": [0, 0, 0]}}, "method": "central_difference", "stencil_order": 2, "step": 1e-06}, "probe_id": "p0", "pytorch_ref": {"hvp": {"a": {"data": [], "dtype": "float64", "order": "row_major", "shape": [0, 0, 0]}}, "jvp": {"value": {"data": [], "dtype": "float64", "order": "row_major", "shape": [0, 0, 0]}}, "vjp": {"a": {"data": [], "dtype": "float64", "order": "row_major", "shape": [0, 0, 0]}}}}], "provenance": {"fd_policy_version": "v1", "generator": "python-pytorch-v1", "seed": 20, "source_commit": "449b1768410104d3ed79d3bcfe4ba1d65c7f22c0", "source_file": "torch/testing/_internal/opinfo/definitions/linalg.py", "source_function": "sample_inputs_linalg_pinv_hermitian", "source_repo": "pytorch", "torch_version": "2.10.0"}, "schema_version": 1}
{"case_id": "pinv_hermitian_f64_identity_005", "comparison": {"first_order": {"atol": 1e-06, "kind": "allclose", "rtol": 0.0001}, "second_order": {"atol": 1e-05, "kind": "allclose", "rtol": 0.0001}}, "dtype": "float64", "expected_behavior": "success", "family": "identity", "inputs": {"a": {"data": [-1.9565099197133204, -0.7036659061100643, 1.1045521668270895, -0.21213448870581333, -0.16244653171660714, -0.7036659061100643, -1.4039628110653115, -1.20580427512341, -0.9518363400152712, 0.6555953650868201, 1.1045521668270895, -1.20580427512341, 0.3262272857240913, -0.435329007416686, -0.6346293363111879, -0.21213448870581333, -0.9518363400152712, -0.435329007416686, 1.1121228059365453, -0.24092167414628726, -0.16244653171660714, 0.6555953650868201, -0.6346293363111879, -0.24092167414628726, -1.5129861348155806, -1.4329992929009885, 0.365357807618532, 0.646074384816649, -0.03204285515620231, -0.7329876638557444, 0.365357807618532, -0.421969011379166, -0.5297524005893011, -0.0876100161860941, -0.08745321154768215, 0.646074384816649, -0.5297524005893011, -1.2931493217683308, 0.05672007824802067, -0.199114594339586, -0.03204285515620231, -0.0876100161860941, 0.05672007824802067, -0.8766832870491577, 0.15854947684817566, -0.7329876638557444, -0.08745321154768215, -0.199114594339586, 0.15854947684817566, -1.8013439810563394], "dtype": "float64", "order": "row_major", "shape": [2, 5, 5]}}, "observable": {"kind": "identity"}, "op": "pinv_hermitian", "probes": [{"cotangent": {"value": {"data": [-0.13786546339112052, -0.111756794523109, 0.020332251819507194, 0.03479411778813595, -0.007434901080187317, 0.04498558561086831, 0.09973375777892518, 0.2185468619798033, 0.1667331064732391, 0.08902857611808393, -0.20183977181614038, -0.009576098906605829, -0.021414878028254605, -0.04463407718607035, -0.16355373824241448, -0.08314694152556698, -0.296122785464496, 0.03790372759019303, -0.08991298218752267, 0.07331893363390386, -0.10284789522540912, -0.0498365292923079, 0.14902573640466987, 0.32192751879757975, -0.22865269617947076, 0.3036967842470064, 0.1923387278050632, 0.24439741721696503, -0.14476020100618253, 0.16249003640641674, 0.06317374520279871, -0.2631830638251248, 0.04267886450440965, 0.19713644284014561, 0.11903661521954935, -0.08187595208260146, 0.10108993275666578, -0.008157331964870373, -0.04331376469202285, -0.04161910782413127, -0.04631020584415346, -0.06675396446838151, -0.002412876017825884, 0.011543488043745073, -0.047949935225362325, 0.008045753895327606, -0.07463228505153603, -0.024804962381000908, 0.31665597809515195, -0.00791782943052702], "dtype": "float64", "order": "row_major", "shape": [2, 5, 5]}}, "direction": {"a": {"data": [0.37387091707989484, 0.10964819487128173, -0.11638883712043124, -0.20718904831192866, 0.11698587499465893, 0.10964819487128173, -0.036290561200757646, 0.13039671239021217, 0.07159490841577347, -0.22661925308545428, -0.11638883712043124, 0.13039671239021217, -0.24179674727081013, -0.1581833507662364, 0.034875092504158774, -0.20718904831192866, 0.07159490841577347, -0.1581833507662364, 0.045255541685161944, -0.0841970769355213, 0.11698587499465893, -0.22661925308545428, 0.034875092504158774, -0.0841970769355213, 0.15727886290927381, 0.04818864104417311, 0.0967990626603459, -0.22247081043362182, 0.09005361385508305, 0.09402430452088138, 0.0967990626603459, 0.10633274130757187, 0.13524041485903845, -0.11459803770204721, 0.09783678773763996, -0.22247081043362182, 0.13524041485903845, 0.10700830768993189, 0.024169147208473036, 0.12193782512550165, 0.09005361385508305, -0.11459803770204721, 0.024169147208473036, 0.27864331815774984, -0.07452278330852917, 0.09402430452088138, 0.09783678773763996, 0.12193782512550165, -0.07452278330852917, -0.13157477494070444], "dtype": "float64", "order": "row_major", "shape": [2, 5, 5]}}, "fd_ref": {"hvp": {"a": {"data": [0.0016989936137448655, -0.0012145852533993922, 0.0009177431186254993, 0.0028520546241056466, 0.0005209921877746698, -0.0012145852533993922, 0.008049859354270827, -0.006287304490990803, -0.00442148803445658, -0.0005735514233444744, 0.0009177431186254993, -0.006287304490990803, 0.0057599475123046966, 0.0015306673206484315, -4.740744265518309e-05, 0.0028520546241056466, -0.00442148803445658, 0.0015306673206484315, 0.004499632589250987, 0.003758764889951061, 0.0005209921877746698, -0.0005735514233444744, -4.740744265518309e-05, 0.003758764889951061, 0.002160511890562258, 0.41100272280215194, 1.3131237515265868, -0.2656329091702202, -0.3717585620144236, -0.3141197701277054, 1.3131237515265868, 4.71746398465698, -1.1237765202398209, -1.6297052235298202, -0.6400424159029919, -0.2656329091702202, -1.1237765202398209, 0.3138078134997261, 0.444187991074474, 0.04631007202037492, -0.3717585620144236, -1.6297052235298202, 0.444187991074474, 0.46113915363800473, 0.21501692517164064, -0.3141197701277054, -0.6400424159029919, 0.04631007202037492, 0.21501692517164064, 0.2050747854680377], "dtype": "float64", "order": "row_major", "shape": [2, 5, 5]}}, "jvp": {"value": {"data": [-0.0159321188696327, -0.009679932233110365, 0.031589839521189204, -0.010456625615753511, -0.01882155003248035, -0.00967993223373645, 0.01554168054640214, -0.02456149492519749, -0.008364545402009723, 0.03647320052981936, 0.03158983952369354, -0.02456149492770183, 0.023619183081428914, 0.04167365191245464, -0.00017783021071723267, -0.010456625615127427, -0.008364545402009723, 0.04167365191245464, -0.02492575440334333, -0.023661783449597875, -0.018821550033732523, 0.03647320052856719, -0.00017783020946506345, -0.023661783449597875, -0.016314556579124007, 0.13435957291295703, -0.8915250960560389, 0.5658399244729104, 0.06934736764490029, -0.18294625544291598, -0.8915250960610476, -1.7668434237215205, 0.14398234474334318, 0.7473486908289593, 0.34422407984793957, 0.5658399244779191, 0.14398234474334318, 0.33819516654499426, -0.2964960367079556, -0.3315446704407903, 0.06934736764990897, 0.747348690833968, -0.29649603671296426, -0.33684567234746005, -0.005156109904477002, -0.18294625544291598, 0.34422407984793957, -0.33154467043828595, -0.005156109904477002, 0.17688264993538352], "dtype": "float64", "order": "row_major", "shape": [2, 5, 5]}}, "method": "central_difference", "stencil_order": 2, "step": 5.541498561384988e-06}, "probe_id": "p0", "pytorch_ref": {"hvp": {"a": {"data": [0.0016989936165277707, -0.001214585251024035, 0.0009177431205089851, 0.0028520546251768085, 0.0005209921896850607, -0.001214585251024035, 0.008049859347334236, -0.00628730449810699, -0.004421488036065164, -0.0005735514224078271, 0.0009177431205089851, -0.00628730449810699, 0.005759947510189271, 0.0015306673195715416, -4.7407442568922226e-05, 0.0028520546251768085, -0.004421488036065164, 0.0015306673195715416, 0.00449963259474912, 0.0037587648898412614, 0.0005209921896850607, -0.0005735514224078271, -4.7407442568922226e-05, 0.0037587648898412614, 0.002160511898237313, 0.4110027228251077, 1.3131237503485953, -0.2656329083158201, -0.37175856208453084, -0.314119769884452, 1.3131237503485953, 4.717463983930348, -1.1237765190755498, -1.629705225838632, -0.6400424130263942, -0.2656329083158201, -1.1237765190755498, 0.3138078129634272, 0.4441879918709717, 0.046310070662197125, -0.37175856208453084, -1.629705225838632, 0.4441879918709717, 0.4611391544488766, 0.21501692486307028, -0.314119769884452, -0.6400424130263942, 0.046310070662197125, 0.21501692486307028, 0.20507478515504923], "dtype": "float64", "order": "row_major", "shape": [2, 5, 5]}}, "jvp": {"value": {"data": [-0.015932118884600333, -0.009679932235914545, 0.0315898395325109, -0.010456625616840413, -0.01882155003643133, -0.009679932235914549, 0.015541680509091502, -0.024561494945790085, -0.008364545384881265, 0.03647320053992109, 0.0315898395325109, -0.02456149494579007, 0.02361918307339581, 0.04167365192241132, -0.000177830208722743, -0.010456625616840416, -0.00836454538488126, 0.04167365192241133, -0.024925754395502386, -0.023661783442673272, -0.018821550036431326, 0.036473200539921084, -0.00017783020872272413, -0.023661783442673254, -0.016314556589509744, 0.1343595730614206, -0.891525095753855, 0.5658399244580505, 0.06934736761739094, -0.18294625554315666, -0.8915250957538564, -1.766843423313793, 0.14398234476088687, 0.7473486909363383, 0.3442240795986389, 0.5658399244580504, 0.14398234476088667, 0.33819516656817994, -0.29649603675614483, -0.3315446703723595, 0.06934736761739117, 0.7473486909363383, -0.2964960367561449, -0.3368456723586443, -0.005156109859797455, -0.1829462555431563, 0.3442240795986384, -0.33154467037235946, -0.005156109859797472, 0.1768826500016784], "dtype": "float64", "order": "row_major", "shape": [2, 5, 5]}}, "vjp": {"a": {"data": [0.005652135475900585, 0.003246338578814697, 0.00257457757079092, 0.008844623651102786, 0.007394201341420097, 0.003246338578814697, 0.012466204936577742, -0.01413560516311349, -0.02321425391289805, -0.009144060451888137, 0.00257457757079092, -0.01413560516311349, 0.007425752899985952, -0.0035398748241673543, -0.0109339570808107, 0.008844623651102786, -0.02321425391289805, -0.0035398748241673543, 0.013163519162923448, 0.03462857006675886, 0.007394201341420097, -0.009144060451888137, -0.0109339570808107, 0.03462857006675886, 0.026427898503564817, -0.47721470898785195, -0.003508645112782982, -0.3482056206186921, 0.15049829079117943, 0.21613415525745316, -0.003508645112782982, 4.895840251117349, -2.236116525046508, -0.7969536061015818, -0.10420431628373433, -0.3482056206186921, -2.236116525046508, 0.7699563739338401, 0.4668291081100051, 0.21349745139843773, 0.15049829079117943, -0.7969536061015818, 0.4668291081100051, 0.07994939245139972, -0.10146401761913541, 0.21613415525745316, -0.10420431628373433, 0.21349745139843773, -0.10146401761913541, -0.10365216095131057], "dtype": "float64", "order": "row_major", "shape": [2, 5, 5]}}}}], "provenance": {"fd_policy_version": "v1", "generator": "python-pytorch-v1", "seed": 21, "source_commit": "449b1768410104d3ed79d3bcfe4ba1d65c7f22c0", "source_file": "torch/testing/_internal/opinfo/definitions/linalg.py", "source_function": "sample_inputs_linalg_pinv_hermitian", "source_repo": "pytorch", "torch_version": "2.10.0"}, "schema_version": 1}
{"case_id": "pinv_hermitian_f64_identity_006", "comparison": {"first_order": {"atol": 1e-06, "kind": "allclose", "rtol": 0.0001}, "second_order": {"atol": 1e-05, "kind": "allclose", "rtol": 0.0001}}, "dtype": "float64", "expected_behavior": "success", "family": "identity", "inputs": {"a": {"data": [], "dtype": "float64", "order": "row_major", "shape": [2, 0, 0]}}, "observable": {"kind": "identity"}, "op": "pinv_hermitian", "probes": [{"cotangent": {"value": {"data": [], "dtype": "float64", "order": "row_major", "shape": [2, 0, 0]}}, "direction": {"a": {"data": [], "dtype": "float64", "order": "row_major", "shape": [2, 0, 0]}}, "fd_ref": {"hvp": {"a": {"data": [], "dtype": "float64", "order": "row_major", "shape": [2, 0, 0]}}, "jvp": {"value": {"data": [], "dtype": "float64", "order": "row_major", "shape": [2, 0, 0]}}, "method": "central_difference", "stencil_order": 2, "step": 1e-06}, "probe_id": "p0", "pytorch_ref": {"hvp": {"a": {"data": [], "dtype": "float64", "order": "row_major", "shape": [2, 0, 0]}}, "jvp": {"value": {"data": [], "dtype": "float64", "order": "row_major", "shape": [2, 0, 0]}}, "vjp": {"a": {"data": [], "dtype": "float64", "order": "row_major", "shape": [2, 0, 0]}}}}], "provenance": {"fd_policy_version": "v1", "generator": "python-pytorch-v1", "seed": 22, "source_commit": "449b1768410104d3ed79d3bcfe4ba1d65c7f22c0", "source_file": "torch/testing/_internal/opinfo/definitions/linalg.py", "source_function": "sample_inputs_linalg_pinv_hermitian", "source_repo": "pytorch", "torch_version": "2.10.0"}, "schema_version": 1}
{"case_id": "pinv_hermitian_f64_identity_007", "comparison": {"first_order": {"atol": 1e-06, "kind": "allclose", "rtol": 0.0001}, "second_order": {"atol": 1e-05, "kind": "allclose", "rtol": 0.0001}}, "dtype": "float64", "expected_behavior": "success", "family": "identity", "inputs": {"a": {"data": [-1.9565099197133204, -0.7036659061100643, 1.1045521668270895, -0.21213448870581333, -0.16244653171660714, -0.7036659061100643, -1.4039628110653115, -1.20580427512341, -0.9518363400152712, 0.6555953650868201, 1.1045521668270895, -1.20580427512341, 0.3262272857240913, -0.435329007416686, -0.6346293363111879, -0.21213448870581333, -0.9518363400152712, -0.435329007416686, 1.1121228059365453, -0.24092167414628726, -0.16244653171660714, 0.6555953650868201, -0.6346293363111879, -0.24092167414628726, -1.5129861348155806], "dtype": "float64", "order": "row_major", "shape": [1, 1, 5, 5]}}, "observable": {"kind": "identity"}, "op": "pinv_hermitian", "probes": [{"cotangent": {"value": {"data": [-0.12816525031692397, -0.13466563666000406, 0.03934253359847513, 0.02053564227057508, 0.18354302382906618, 0.061916042102866095, 0.22693519164812145, 0.13724192584665548, 0.1647927989554263, -0.20718988260171076, -0.09442133070279181, 0.33921634648392207, 0.13500188216996786, -0.45886843445678693, -0.4188992922500249, -0.28440161782762624, 0.17561524211504587, -0.16241171139155564, -0.062141105614985793, -0.09000999937069638, 0.08687664344219721, -0.11756874916795883, 0.25396954722026854, -0.06025850722191763, -0.1330994748419602], "dtype": "float64", "order": "row_major", "shape": [1, 1, 5, 5]}}, "direction": {"a": {"data": [0.04643887887380278, -0.09759283151238314, 0.2231029665604025, -0.1551604991021544, -0.04347644402186387, -0.09759283151238314, -0.27356432274594816, 0.16690506850485862, -0.15325249930048326, -0.12395541449174732, 0.2231029665604025, 0.16690506850485862, -0.10445348432028163, 0.4467947936720919, -0.08522769170618463, -0.1551604991021544, -0.15325249930048326, 0.4467947936720919, -0.3510539411611973, -0.12255636218363655, -0.04347644402186387, -0.12395541449174732, -0.08522769170618463, -0.12255636218363655, 0.20271179343063112], "dtype": "float64", "order": "row_major", "shape": [1, 1, 5, 5]}}, "fd_ref": {"hvp": {"a": {"data": [-0.01627906134940249, 0.0067730651398788515, -0.012658303622278834, 0.020910866232655343, 0.006215861683735741, 0.0067730651398788515, -0.014860513179216583, 0.005829105000396416, 0.008341226854992124, 0.0007843084998918131, -0.012658303622278834, 0.005829105000396416, -0.006892762951339567, 0.018855068602054433, 0.006265185837380575, 0.020910866232655343, 0.008341226854992124, 0.018855068602054433, -0.028135991504027874, -0.010987409359214238, 0.006215861683735741, 0.0007843084998918131, 0.006265185837380575, -0.010987409359214238, 0.0021246224943390754], "dtype": "float64", "order": "row_major", "shape": [1, 1, 5, 5]}}, "jvp": {"value": {"data": [0.04304735268330123, 0.02260208154706375, 0.04413967497589791, -0.05871202804880369, -0.008890425883979532, 0.022602081550175904, -0.03191345405637568, 0.03330965614315359, 0.003658441082871053, 0.004370862661918024, 0.04413967497589791, 0.033309656140041444, 0.030849833945308946, -0.041032720222142265, -0.0022902575623457125, -0.05871202804724761, 0.003658441082871053, -0.041032720222142265, 0.07431149673092798, -0.001323686079835486, -0.008890425885535609, 0.004370862661918024, -0.0022902575623457125, -0.001323686079835486, -0.019823978518903784], "dtype": "float64", "order": "row_major", "shape": [1, 1, 5, 5]}}, "method": "central_difference", "stencil_order": 2, "step": 4.459225782105232e-06}, "probe_id": "p0", "pytorch_ref": {"hvp": {"a": {"data": [-0.016279061346931096, 0.006773065134023891, -0.012658303628889027, 0.020910866242528685, 0.006215861684722655, 0.006773065134023891, -0.014860513169091486, 0.005829105000713422, 0.008341226849070715, 0.0007843084969319191, -0.012658303628889027, 0.005829105000713422, -0.006892762956706754, 0.018855068627211726, 0.006265185833178312, 0.020910866242528685, 0.008341226849070715, 0.018855068627211726, -0.028135991512656916, -0.01098740936976242, 0.006215861684722655, 0.0007843084969319191, 0.006265185833178312, -0.01098740936976242, 0.0021246224942870987], "dtype": "float64", "order": "row_major", "shape": [1, 1, 5, 5]}}, "jvp": {"value": {"data": [0.04304735269098108, 0.022602081535375882, 0.044139674975105674, -0.05871202805609546, -0.00889042587010829, 0.022602081535375868, -0.0319134540355845, 0.033309656138034834, 0.0036584410665425173, 0.004370862661439196, 0.04413967497510565, 0.03330965613803483, 0.03084983395502769, -0.04103272023925608, -0.0022902575649653293, -0.05871202805609543, 0.0036584410665425108, -0.04103272023925609, 0.07431149677589831, -0.001323686085238163, -0.008890425870108293, 0.004370862661439182, -0.0022902575649653106, -0.0013236860852381554, -0.01982397849608119], "dtype": "float64", "order": "row_major", "shape": [1, 1, 5, 5]}}, "vjp": {"a": {"data": [-0.0031978589364562663, 0.009094524365142399, -0.00717639868800031, 0.02729882128328734, -0.00522141205898765, 0.009094524365142399, -0.0009450214240644236, -0.023937846737551317, -0.04440215959033013, 0.029105460156580262, -0.00717639868800031, -0.023937846737551317, 0.0007907057041001414, 0.04287510024888548, 0.021751289063548826, 0.02729882128328734, -0.04440215959033013, 0.04287510024888548, -0.020508960084419846, -0.030232345941958855, -0.00522141205898765, 0.029105460156580262, 0.021751289063548826, -0.030232345941958855, 0.027395508050010325], "dtype": "float64", "order": "row_major", "shape": [1, 1, 5, 5]}}}}], "provenance": {"fd_policy_version": "v1", "generator": "python-pytorch-v1", "seed": 23, "source_commit": "449b1768410104d3ed79d3bcfe4ba1d65c7f22c0", "source_file": "torch/testing/_internal/opinfo/definitions/linalg.py", "source_function": "sample_inputs_linalg_pinv_hermitian", "source_repo": "pytorch", "torch_version": "2.10.0"}, "schema_version": 1}
{"case_id": "pinv_hermitian_f64_identity_008", "comparison": {"first_order": {"atol": 1e-06, "kind": "allclose", "rtol": 0.0001}, "second_order": {"atol": 1e-05, "kind": "allclose", "rtol": 0.0001}}, "dtype": "float64", "expected_behavior": "success", "family": "identity", "inputs": {"a": {"data": [], "dtype": "float64", "order": "row_major", "shape": [1, 1, 0, 0]}}, "observable": {"kind": "identity"}, "op": "pinv_hermitian", "probes": [{"cotangent": {"value": {"data": [], "dtype": "float64", "order": "row_major", "shape": [1, 1, 0, 0]}}, "direction": {"a": {"data": [], "dtype": "float64", "order": "row_major", "shape": [1, 1, 0, 0]}}, "fd_ref": {"hvp": {"a": {"data": [], "dtype": "float64", "order": "row_major", "shape": [1, 1, 0, 0]}}, "jvp": {"value": {"data": [], "dtype": "float64", "order": "row_major", "shape": [1, 1, 0, 0]}}, "method": "central_difference", "stencil_order": 2, "step": 1e-06}, "probe_id": "p0", "pytorch_ref": {"hvp": {"a": {"data": [], "dtype": "float64", "order": "row_major", "shape": [1, 1, 0, 0]}}, "jvp": {"value": {"data": [], "dtype": "float64", "order": "row_major", "shape": [1, 1, 0, 0]}}, "vjp": {"a": {"data": [], "dtype": "float64", "order": "row_major", "shape": [1, 1, 0, 0]}}}}], "provenance": {"fd_policy_version": "v1", "generator": "python-pytorch-v1", "seed": 24, "source_commit": "449b1768410104d3ed79d3bcfe4ba1d65c7f22c0", "source_file": "torch/testing/_internal/opinfo/definitions/linalg.py", "source_function": "sample_inputs_linalg_pinv_hermitian", "source_repo": "pytorch", "torch_version": "2.10.0"}, "schema_version": 1}
