{"case_id": "eigvalsh_f64_identity_001", "comparison": {"first_order": {"atol": 1e-06, "kind": "allclose", "rtol": 1e-05}, "second_order": {"atol": 1e-06, "kind": "allclose", "rtol": 0.0001}}, "dtype": "float64", "expected_behavior": "success", "family": "identity", "inputs": {"a": {"data": [-1.9565099197133204, -0.7036659061100643, 1.1045521668270895, -0.21213448870581333, -0.16244653171660714, -0.7036659061100643, -1.4039628110653115, -1.20580427512341, -0.9518363400152712, 0.6555953650868201, 1.1045521668270895, -1.20580427512341, 0.3262272857240913, -0.435329007416686, -0.6346293363111879, -0.21213448870581333, -0.9518363400152712, -0.435329007416686, 1.1121228059365453, -0.24092167414628726, -0.16244653171660714, 0.6555953650868201, -0.6346293363111879, -0.24092167414628726, -1.5129861348155806], "dtype": "float64", "order": "row_major", "shape": [5, 5]}}, "observable": {"kind": "identity"}, "op": "eigvalsh", "probes": [{"cotangent": {"value": {"data": [0.17850684995090735, 0.9501102395415016, 0.197033304592609, 0.06766975082624949, 0.14840660006692472], "dtype": "float64", "order": "row_major", "shape": [5]}}, "direction": {"a": {"data": [0.34378028387692217, 0.036422440316099966, 0.034997978414162606, -0.13033515615928545, -0.22342164637492615, 0.036422440316099966, 0.24378376705379146, 0.08638498322047491, 0.039036450039694436, -0.32740729266249113, 0.034997978414162606, 0.08638498322047491, 0.3774366101543659, -0.3295940525238761, 0.013363286919456098, -0.13033515615928545, 0.039036450039694436, -0.3295940525238761, 0.08663627240878154, -0.1367960786100623, -0.22342164637492615, -0.32740729266249113, 0.013363286919456098, -0.1367960786100623, -0.21470216468887432], "dtype": "float64", "order": "row_major", "shape": [5, 5]}}, "fd_ref": {"hvp": {"a": {"data": [-0.05781171745921433, -0.0011003521174401674, 0.066376833393463, -0.07317340486433303, -0.023662402850295437, -0.0011003521174401674, 0.022555380078093185, 0.002510610038911873, 0.13918874184557384, -0.016739917127681723, 0.066376833393463, 0.002510610038911873, 0.09361944979822838, -0.07517507207750597, -0.02057256084862147, -0.07317340486433303, 0.13918874184557384, -0.07517507207750597, -0.06135557127357978, 0.05131529420974548, -0.023662402850295437, -0.016739917127681723, -0.02057256084862147, 0.05131529420974548, 0.0029924587475472293], "dtype": "float64", "order": "row_major", "shape": [5, 5]}}, "jvp": {"value": {"data": [0.9231606819585527, 0.598501462410912, -0.6815909761959259, 0.7670253567333776, 0.06677301272770449], "dtype": "float64", "order": "row_major", "shape": [5]}}, "method": "central_difference", "stencil_order": 2, "step": 4.459225782105232e-06}, "probe_id": "p0", "pytorch_ref": {"hvp": {"a": {"data": [-0.057811717359497056, -0.0011003521537489586, 0.0663768332310557, -0.07317340486036018, -0.02366240290338411, -0.0011003521537489586, 0.022555379974135245, 0.0025106100836608733, 0.13918874180616858, -0.01673991707433628, 0.0663768332310557, 0.0025106100836608733, 0.09361944994229719, -0.07517507207641767, -0.020572560821373587, -0.07317340486036018, 0.13918874180616858, -0.07517507207641767, -0.06135557130512745, 0.05131529421615749, -0.02366240290338411, -0.01673991707433628, -0.020572560821373587, 0.05131529421615749, 0.0029924587481919415], "dtype": "float64", "order": "row_major", "shape": [5, 5]}}, "jvp": {"value": {"data": [0.9231606821033748, 0.598501462487165, -0.6815909763379588, 0.7670253566431584, 0.06677301271423419], "dtype": "float64", "order": "row_major", "shape": [5]}}, "vjp": {"a": {"data": [0.901645760928244, -0.5151109249600532, -0.5072924899198831, -0.14206015000207578, 0.12762780995222667, -0.5151109249600532, 0.8297809999884863, 0.4684260360085587, 0.19156123054885238, -0.11468132357467255, -0.5072924899198831, 0.4684260360085587, 0.7247832111576913, 0.20913163966924905, -0.08179579727380737, -0.14206015000207578, 0.19156123054885238, 0.20913163966924905, 0.21915217699920073, -0.021419825259412894, 0.12762780995222667, -0.11468132357467255, -0.08179579727380737, -0.021419825259412894, 0.40809134088276233], "dtype": "float64", "order": "row_major", "shape": [5, 5]}}}}], "provenance": {"fd_policy_version": "v1", "generator": "python-pytorch-v1", "seed": 17, "source_commit": "449b1768410104d3ed79d3bcfe4ba1d65c7f22c0", "source_file": "torch/testing/_internal/opinfo/definitions/linalg.py", "source_function": "sample_inputs_linalg_eigh", "source_repo": "pytorch", "torch_version": "2.10.0"}, "schema_version": 1}
{"case_id": "eigvalsh_f64_identity_002", "comparison": {"first_order": {"atol": 1e-06, "kind": "allclose", "rtol": 1e-05}, "second_order": {"atol": 1e-06, "kind": "allclose", "rtol": 0.0001}}, "dtype": "float64", "expected_behavior": "success", "family": "identity", "inputs": {"a": {"data": [], "dtype": "float64", "order": "row_major", "shape": [0, 0]}}, "observable": {"kind": "identity"}, "op": "eigvalsh", "probes": [{"cotangent": {"value": {"data": [], "dtype": "float64", "order": "row_major", "shape": [0]}}, "direction": {"a": {"data": [], "dtype": "float64", "order": "row_major", "shape": [0, 0]}}, "fd_ref": {"hvp": {"a": {"data": [], "dtype": "float64", "order": "row_major", "shape": [0, 0]}}, "jvp": {"value": {"data": [], "dtype": "float64", "order": "row_major", "shape": [0]}}, "method": "central_difference", "stencil_order": 2, "step": 1e-06}, "probe_id": "p0", "pytorch_ref": {"hvp": {"a": {"data": [], "dtype": "float64", "order": "row_major", "shape": [0, 0]}}, "jvp": {"value": {"data": [], "dtype": "float64", "order": "row_major", "shape": [0]}}, "vjp": {"a": {"data": [], "dtype": "float64", "order": "row_major", "shape": [0, 0]}}}}], "provenance": {"fd_policy_version": "v1", "generator": "python-pytorch-v1", "seed": 18, "source_commit": "449b1768410104d3ed79d3bcfe4ba1d65c7f22c0", "source_file": "torch/testing/_internal/opinfo/definitions/linalg.py", "source_function": "sample_inputs_linalg_eigh", "source_repo": "pytorch", "torch_version": "2.10.0"}, "schema_version": 1}
{"case_id": "eigvalsh_f64_identity_003", "comparison": {"first_order": {"atol": 1e-06, "kind": "allclose", "rtol": 1e-05}, "second_order": {"atol": 1e-06, "kind": "allclose", "rtol": 0.0001}}, "dtype": "float64", "expected_behavior": "success", "family": "identity", "inputs": {"a": {"data": [], "dtype": "float64", "order": "row_major", "shape": [0, 5, 5]}}, "observable": {"kind": "identity"}, "op": "eigvalsh", "probes": [{"cotangent": {"value": {"data": [], "dtype": "float64", "order": "row_major", "shape": [0, 5]}}, "direction": {"a": {"data": [], "dtype": "float64", "order": "row_major", "shape": [0, 5, 5]}}, "fd_ref": {"hvp": {"a": {"data": [], "dtype": "float64", "order": "row_major", "shape": [0, 5, 5]}}, "jvp": {"value": {"data": [], "dtype": "float64", "order": "row_major", "shape": [0, 5]}}, "method": "central_difference", "stencil_order": 2, "step": 1e-06}, "probe_id": "p0", "pytorch_ref": {"hvp": {"a": {"data": [], "dtype": "float64", "order": "row_major", "shape": [0, 5, 5]}}, "jvp": {"value": {"data": [], "dtype": "float64", "order": "row_major", "shape": [0, 5]}}, "vjp": {"a": {"data": [], "dtype": "float64", "order": "row_major", "shape": [0, 5, 5]}}}}], "provenance": {"fd_policy_version": "v1", "generator": "python-pytorch-v1", "seed": 19, "source_commit": "449b1768410104d3ed79d3bcfe4ba1d65c7f22c0", "source_file": "torch/testing/_internal/opinfo/definitions/linalg.py", "source_function": "sample_inputs_linalg_eigh", "source_repo": "pytorch", "torch_version": "2.10.0"}, "schema_version": 1}
{"case_id": "eigvalsh_f64_identity_004", "comparison": {"first_order": {"atol": 1e-06, "kind": "allclose", "rtol": 1e-05}, "second_order": {"atol": 1e-06, "kind": "allclose", "rtol": 0.0001}}, "dtype": "float64", "expected_behavior": "success", "family": "identity", "inputs": {"a": {"data": [], "dtype": "float64", "order": "row_major", "shape": [0, 0, 0]}}, "observable": {"kind": "identity"}, "op": "eigvalsh", "probes": [{"cotangent": {"value": {"data": [], "dtype": "float64", "order": "row_major", "shape": [0, 0]}}, "direction": {"a": {"data": [], "dtype": "float64", "order": "row_major", "shape": [0, 0, 0]}}, "fd_ref": {"hvp": {"a": {"data": [], "dtype": "float64", "order": "row_major", "shape": [0, 0, 0]}}, "jvp": {"value": {"data": [], "dtype": "float64", "order": "row_major", "shape": [0, 0]}}, "method": "central_difference", "stencil_order": 2, "step": 1e-06}, "probe_id": "p0", "pytorch_ref": {"hvp": {"a": {"data": [], "dtype": "float64", "order": "row_major", "shape": [0, 0, 0]}}, "jvp": {"value": {"data": [], "dtype": "float64", "order": "row_major", "shape": [0, 0]}}, "vjp": {"a": {"data": [], "dtype": "float64", "order": "row_major", "shape": [0, 0, 0]}}}}], "provenance": {"fd_policy_version": "v1", "generator": "python-pytorch-v1", "seed": 20, "source_commit": "449b1768410104d3ed79d3bcfe4ba1d65c7f22c0", "source_file": "torch/testing/_internal/opinfo/definitions/linalg.py", "source_function": "sample_inputs_linalg_eigh", "source_repo": "pytorch", "torch_version": "2.10.0"}, "schema_version": 1}
{"case_id": "eigvalsh_f64_identity_005", "comparison": {"first_order": {"atol": 1e-06, "kind": "allclose", "rtol": 1e-05}, "second_order": {"atol": 1e-06, "kind": "allclose", "rtol": 0.0001}}, "dtype": "float64", "expected_behavior": "success", "family": "identity", "inputs": {"a": {"data": [-1.9565099197133204, -0.7036659061100643, 1.1045521668270895, -0.21213448870581333, -0.16244653171660714, -0.7036659061100643, -1.4039628110653115, -1.20580427512341, -0.9518363400152712, 0.6555953650868201, 1.1045521668270895, -1.20580427512341, 0.3262272857240913, -0.435329007416686, -0.6346293363111879, -0.21213448870581333, -0.9518363400152712, -0.435329007416686, 1.1121228059365453, -0.24092167414628726, -0.16244653171660714, 0.6555953650868201, -0.6346293363111879, -0.24092167414628726, -1.5129861348155806, -1.4329992929009885, 0.365357807618532, 0.646074384816649, -0.03204285515620231, -0.7329876638557444, 0.365357807618532, -0.421969011379166, -0.5297524005893011, -0.0876100161860941, -0.08745321154768215, 0.646074384816649, -0.5297524005893011, -1.2931493217683308, 0.05672007824802067, -0.199114594339586, -0.03204285515620231, -0.0876100161860941, 0.05672007824802067, -0.8766832870491577, 0.15854947684817566, -0.7329876638557444, -0.08745321154768215, -0.199114594339586, 0.15854947684817566, -1.8013439810563394], "dtype": "float64", "order": "row_major", "shape": [2, 5, 5]}}, "observable": {"kind": "identity"}, "op": "eigvalsh", "probes": [{"cotangent": {"value": {"data": [-0.15384965601394407, -0.42459150694367664, -0.0684127915506976, -0.0912670772770758, 0.19963290990098487, 0.016267240086532346, -0.582562982457424, -0.4547769033320986, -0.2826365020529816, 0.3418177463077298], "dtype": "float64", "order": "row_major", "shape": [2, 5]}}, "direction": {"a": {"data": [0.37387091707989484, 0.10964819487128173, -0.11638883712043124, -0.20718904831192866, 0.11698587499465893, 0.10964819487128173, -0.036290561200757646, 0.13039671239021217, 0.07159490841577347, -0.22661925308545428, -0.11638883712043124, 0.13039671239021217, -0.24179674727081013, -0.1581833507662364, 0.034875092504158774, -0.20718904831192866, 0.07159490841577347, -0.1581833507662364, 0.045255541685161944, -0.0841970769355213, 0.11698587499465893, -0.22661925308545428, 0.034875092504158774, -0.0841970769355213, 0.15727886290927381, 0.04818864104417311, 0.0967990626603459, -0.22247081043362182, 0.09005361385508305, 0.09402430452088138, 0.0967990626603459, 0.10633274130757187, 0.13524041485903845, -0.11459803770204721, 0.09783678773763996, -0.22247081043362182, 0.13524041485903845, 0.10700830768993189, 0.024169147208473036, 0.12193782512550165, 0.09005361385508305, -0.11459803770204721, 0.024169147208473036, 0.27864331815774984, -0.07452278330852917, 0.09402430452088138, 0.09783678773763996, 0.12193782512550165, -0.07452278330852917, -0.13157477494070444], "dtype": "float64", "order": "row_major", "shape": [2, 5, 5]}}, "fd_ref": {"hvp": {"a": {"data": [-0.01944877789680302, -0.025867930842541666, 0.10845615228412493, -0.029507209482980894, 0.180501244458366, -0.025867930842541666, 0.04237851213817166, -0.04270878392470446, 0.07310683259072918, -0.20539092762688738, 0.10845615228412493, -0.04270878392470446, -0.03857856891415983, -0.10873792037827205, -0.1741348819975556, -0.029507209482980894, 0.07310683259072918, -0.10873792037827205, -0.07335344077129607, -0.02113380745195661, 0.180501244458366, -0.20539092762688738, -0.1741348819975556, -0.02113380745195661, 0.08900227538398314, 0.020740633037408897, 0.3924696981799618, 0.10194552660665833, -0.09935791456617243, 0.05982630534261757, 0.3924696981799618, -0.02885384062038802, 0.2503398317716479, -0.25663050718480884, -0.1321356271204253, 0.10194552660665833, 0.2503398317716479, -0.32184144352526983, 0.05549133042301852, 0.06473410402498683, -0.09935791456617243, -0.25663050718480884, 0.05549133042301852, 0.08843383548817392, -0.020771249979651157, 0.05982630534261757, -0.1321356271204253, 0.06473410402498683, -0.020771249979651157, 0.2415208155199015], "dtype": "float64", "order": "row_major", "shape": [2, 5, 5]}}, "jvp": {"value": {"data": [0.5632759149456101, 0.4298310331221729, 0.18755201236348054, 0.3247236044922291, -0.9087465383028371, 0.18563056242941503, 0.491851910486207, 0.5099332800516438, -0.5554569831960072, 0.18523769661212688], "dtype": "float64", "order": "row_major", "shape": [2, 5]}}, "method": "central_difference", "stencil_order": 2, "step": 5.541498561384988e-06}, "probe_id": "p0", "pytorch_ref": {"hvp": {"a": {"data": [-0.019448777906838025, -0.025867930827488894, 0.10845615226908092, -0.02950720950112913, 0.18050124446136323, -0.025867930827488894, 0.04237851214655167, -0.04270878391383465, 0.07310683260960776, -0.20539092766539008, 0.10845615226908092, -0.04270878391383465, -0.03857856890490119, -0.10873792035327107, -0.17413488200819455, -0.02950720950112913, 0.07310683260960776, -0.10873792035327107, -0.07335344075183114, -0.021133807463333147, 0.18050124446136323, -0.20539092766539008, -0.17413488200819455, -0.021133807463333147, 0.08900227541701863, 0.020740633054910917, 0.3924696981753754, 0.10194552652225664, -0.09935791457648074, 0.05982630527915521, 0.3924696981753754, -0.028853840597745917, 0.2503398318312774, -0.2566305072143771, -0.13213562711661125, 0.10194552652225664, 0.2503398318312774, -0.3218414434757009, 0.055491330392496624, 0.06473410401466101, -0.09935791457648074, -0.2566305072143771, 0.055491330392496624, 0.08843383553021467, -0.02077124995047764, 0.05982630527915521, -0.13213562711661125, 0.06473410401466101, -0.02077124995047764, 0.24152081548832105], "dtype": "float64", "order": "row_major", "shape": [2, 5, 5]}}, "jvp": {"value": {"data": [0.5632759148701988, 0.4298310331860967, 0.18755201215397524, 0.3247236045760025, -0.9087465383807493, 0.18563056232167846, 0.49185191049781635, 0.5099332800929435, -0.5554569830443649, 0.18523769664937176], "dtype": "float64", "order": "row_major", "shape": [2, 5]}}, "vjp": {"a": {"data": [-0.4248255323099346, 0.08156629120439422, 0.34427634914772476, 0.1039489553004471, -0.07034427177441528, 0.08156629120439422, -0.3076260092009651, -0.39931896687818214, -0.15482527254628325, 0.15036509541333315, 0.34427634914772476, -0.39931896687818214, -0.05744407273672786, 0.04662427710827029, -0.06181405468355267, 0.1039489553004471, -0.15482527254628325, 0.04662427710827029, -0.16961792069116122, -0.012998175430361811, -0.07034427177441528, 0.15036509541333315, -0.06181405468355267, -0.012998175430361811, -0.11746270883002907, -0.27541389888918905, 0.11442221223000355, -0.14411054948130653, -0.10181039631476721, 0.29406476818677046, 0.11442221223000355, 0.42785317336738043, -0.46882853298333704, -0.2191274943183691, -0.29217743136807794, -0.14411054948130653, -0.46882853298333704, -0.6262920640064755, 0.0936762489953984, -0.3491036046891538, -0.10181039631476721, -0.2191274943183691, 0.0936762489953984, -0.8638309056057796, 0.03755844428046276, 0.29406476818677046, -0.29217743136807794, -0.3491036046891538, 0.03755844428046276, -0.5860991077624198], "dtype": "float64", "order": "row_major", "shape": [2, 5, 5]}}}}], "provenance": {"fd_policy_version": "v1", "generator": "python-pytorch-v1", "seed": 21, "source_commit": "449b1768410104d3ed79d3bcfe4ba1d65c7f22c0", "source_file": "torch/testing/_internal/opinfo/definitions/linalg.py", "source_function": "sample_inputs_linalg_eigh", "source_repo": "pytorch", "torch_version": "2.10.0"}, "schema_version": 1}
{"case_id": "eigvalsh_f64_identity_006", "comparison": {"first_order": {"atol": 1e-06, "kind": "allclose", "rtol": 1e-05}, "second_order": {"atol": 1e-06, "kind": "allclose", "rtol": 0.0001}}, "dtype": "float64", "expected_behavior": "success", "family": "identity", "inputs": {"a": {"data": [], "dtype": "float64", "order": "row_major", "shape": [2, 0, 0]}}, "observable": {"kind": "identity"}, "op": "eigvalsh", "probes": [{"cotangent": {"value": {"data": [], "dtype": "float64", "order": "row_major", "shape": [2, 0]}}, "direction": {"a": {"data": [], "dtype": "float64", "order": "row_major", "shape": [2, 0, 0]}}, "fd_ref": {"hvp": {"a": {"data": [], "dtype": "float64", "order": "row_major", "shape": [2, 0, 0]}}, "jvp": {"value": {"data": [], "dtype": "float64", "order": "row_major", "shape": [2, 0]}}, "method": "central_difference", "stencil_order": 2, "step": 1e-06}, "probe_id": "p0", "pytorch_ref": {"hvp": {"a": {"data": [], "dtype": "float64", "order": "row_major", "shape": [2, 0, 0]}}, "jvp": {"value": {"data": [], "dtype": "float64", "order": "row_major", "shape": [2, 0]}}, "vjp": {"a": {"data": [], "dtype": "float64", "order": "row_major", "shape": [2, 0, 0]}}}}], "provenance": {"fd_policy_version": "v1", "generator": "python-pytorch-v1", "seed": 22, "source_commit": "449b1768410104d3ed79d3bcfe4ba1d65c7f22c0", "source_file": "torch/testing/_internal/opinfo/definitions/linalg.py", "source_function": "sample_inputs_linalg_eigh", "source_repo": "pytorch", "torch_version": "2.10.0"}, "schema_version": 1}
{"case_id": "eigvalsh_f64_identity_007", "comparison": {"first_order": {"atol": 1e-06, "kind": "allclose", "rtol": 1e-05}, "second_order": {"atol": 1e-06, "kind": "allclose", "rtol": 0.0001}}, "dtype": "float64", "expected_behavior": "success", "family": "identity", "inputs": {"a": {"data": [-1.9565099197133204, -0.7036659061100643, 1.1045521668270895, -0.21213448870581333, -0.16244653171660714, -0.7036659061100643, -1.4039628110653115, -1.20580427512341, -0.9518363400152712, 0.6555953650868201, 1.1045521668270895, -1.20580427512341, 0.3262272857240913, -0.435329007416686, -0.6346293363111879, -0.21213448870581333, -0.9518363400152712, -0.435329007416686, 1.1121228059365453, -0.24092167414628726, -0.16244653171660714, 0.6555953650868201, -0.6346293363111879, -0.24092167414628726, -1.5129861348155806], "dtype": "float64", "order": "row_major", "shape": [1, 1, 5, 5]}}, "observable": {"kind": "identity"}, "op": "eigvalsh", "probes": [{"cotangent": {"value": {"data": [-0.537094877129808, 0.6511397728658842, 0.1797260279755244, 0.40444155735197457, -0.30277329919914003], "dtype": "float64", "order": "row_major", "shape": [1, 1, 5]}}, "direction": {"a": {"data": [0.04643887887380278, -0.09759283151238314, 0.2231029665604025, -0.1551604991021544, -0.04347644402186387, -0.09759283151238314, -0.27356432274594816, 0.16690506850485862, -0.15325249930048326, -0.12395541449174732, 0.2231029665604025, 0.16690506850485862, -0.10445348432028163, 0.4467947936720919, -0.08522769170618463, -0.1551604991021544, -0.15325249930048326, 0.4467947936720919, -0.3510539411611973, -0.12255636218363655, -0.04347644402186387, -0.12395541449174732, -0.08522769170618463, -0.12255636218363655, 0.20271179343063112], "dtype": "float64", "order": "row_major", "shape": [1, 1, 5, 5]}}, "fd_ref": {"hvp": {"a": {"data": [-0.24955149347626637, -0.06838191582917949, 0.3883475991833828, -0.37761677443366554, -0.263682728098427, -0.06838191582917949, 0.15450007365950916, 0.07880288939313031, 0.5073374619695212, -0.16536979682617117, 0.3883475991833828, 0.07880288939313031, 0.5756078698083941, -0.5961948184945136, -0.055456882503044966, -0.37761677443366554, 0.5073374619695212, -0.5961948184945136, -0.558782433248239, 0.28253304411470453, -0.263682728098427, -0.16536979682617117, -0.055456882503044966, 0.28253304411470453, 0.07822598305586832], "dtype": "float64", "order": "row_major", "shape": [1, 1, 5, 5]}}, "jvp": {"value": {"data": [-0.4128587281895862, 0.06492730042674494, 0.17517793621874658, -0.9733481281331644, 0.18625946840914454], "dtype": "float64", "order": "row_major", "shape": [1, 1, 5]}}, "method": "central_difference", "stencil_order": 2, "step": 4.459225782105232e-06}, "probe_id": "p0", "pytorch_ref": {"hvp": {"a": {"data": [-0.24955149310251926, -0.06838191590708016, 0.3883475989497728, -0.3776167743189366, -0.26368272802960196, -0.06838191590708016, 0.15450007347977388, 0.07880288933613021, 0.5073374617703241, -0.16536979668519897, 0.3883475989497728, 0.07880288933613021, 0.5756078697757943, -0.5961948183688242, -0.055456882420192616, -0.3776167743189366, 0.5073374617703241, -0.5961948183688242, -0.558782433108901, 0.28253304405502333, -0.26368272802960196, -0.16536979668519897, -0.055456882420192616, 0.28253304405502333, 0.07822598295585173], "dtype": "float64", "order": "row_major", "shape": [1, 1, 5, 5]}}, "jvp": {"value": {"data": [-0.412858728292412, 0.06492730049107759, 0.17517793618090371, -0.9733481281332474, 0.18625946790769257], "dtype": "float64", "order": "row_major", "shape": [1, 1, 5]}}, "vjp": {"a": {"data": [-0.08184875562633767, -0.8102396438057586, -0.4670156432375386, -0.4229416952147809, 0.403134263032681, -0.8102396438057586, -0.16325818517557847, 0.6601590646619208, -0.006151584276193056, 0.0336850053146623, -0.4670156432375386, 0.6601590646619208, 0.16801453863017785, -0.2275068462972882, 0.12633858262696274, -0.4229416952147809, -0.006151584276193056, -0.2275068462972882, 0.6558433242530506, 0.10465636126739364, 0.403134263032681, 0.0336850053146623, 0.12633858262696274, 0.10465636126739364, 0.2121274416475578], "dtype": "float64", "order": "row_major", "shape": [1, 1, 5, 5]}}}}], "provenance": {"fd_policy_version": "v1", "generator": "python-pytorch-v1", "seed": 23, "source_commit": "449b1768410104d3ed79d3bcfe4ba1d65c7f22c0", "source_file": "torch/testing/_internal/opinfo/definitions/linalg.py", "source_function": "sample_inputs_linalg_eigh", "source_repo": "pytorch", "torch_version": "2.10.0"}, "schema_version": 1}
{"case_id": "eigvalsh_f64_identity_008", "comparison": {"first_order": {"atol": 1e-06, "kind": "allclose", "rtol": 1e-05}, "second_order": {"atol": 1e-06, "kind": "allclose", "rtol": 0.0001}}, "dtype": "float64", "expected_behavior": "success", "family": "identity", "inputs": {"a": {"data": [], "dtype": "float64", "order": "row_major", "shape": [1, 1, 0, 0]}}, "observable": {"kind": "identity"}, "op": "eigvalsh", "probes": [{"cotangent": {"value": {"data": [], "dtype": "float64", "order": "row_major", "shape": [1, 1, 0]}}, "direction": {"a": {"data": [], "dtype": "float64", "order": "row_major", "shape": [1, 1, 0, 0]}}, "fd_ref": {"hvp": {"a": {"data": [], "dtype": "float64", "order": "row_major", "shape": [1, 1, 0, 0]}}, "jvp": {"value": {"data": [], "dtype": "float64", "order": "row_major", "shape": [1, 1, 0]}}, "method": "central_difference", "stencil_order": 2, "step": 1e-06}, "probe_id": "p0", "pytorch_ref": {"hvp": {"a": {"data": [], "dtype": "float64", "order": "row_major", "shape": [1, 1, 0, 0]}}, "jvp": {"value": {"data": [], "dtype": "float64", "order": "row_major", "shape": [1, 1, 0]}}, "vjp": {"a": {"data": [], "dtype": "float64", "order": "row_major", "shape": [1, 1, 0, 0]}}}}], "provenance": {"fd_policy_version": "v1", "generator": "python-pytorch-v1", "seed": 24, "source_commit": "449b1768410104d3ed79d3bcfe4ba1d65c7f22c0", "source_file": "torch/testing/_internal/opinfo/definitions/linalg.py", "source_function": "sample_inputs_linalg_eigh", "source_repo": "pytorch", "torch_version": "2.10.0"}, "schema_version": 1}
