{"case_id": "cholesky_f64_identity_001", "comparison": {"first_order": {"atol": 1e-07, "kind": "allclose", "rtol": 0.0001}, "second_order": {"atol": 1e-08, "kind": "allclose", "rtol": 1e-05}}, "dtype": "float64", "expected_behavior": "success", "family": "identity", "inputs": {"a": {"data": [4.633195825779975, 1.2426593318515669, 4.293449377812579, 0.907713940270269, 1.8940629224831407, 1.2426593318515669, 4.098566054756816, 1.3755043327140566, 1.9485719888884347, -0.2716026449862361, 4.293449377812579, 1.3755043327140566, 25.913336235723865, -0.5953429863003866, 0.6445407206769402, 0.907713940270269, 1.9485719888884347, -0.5953429863003866, 10.455811180915932, -1.6421076495222757, 1.8940629224831407, -0.2716026449862361, 0.6445407206769402, -1.6421076495222757, 6.902202016020929], "dtype": "float64", "order": "row_major", "shape": [5, 5]}}, "observable": {"kind": "identity"}, "op": "cholesky", "op_kwargs": {"upper": true}, "probes": [{"cotangent": {"value": {"data": [0.03749158605924023, -0.26219801992153097, -0.014738706057789775, -0.06514400708589858, -0.3806125381639458, -0.005511479010301242, -0.1424047905362691, 0.10807689847880969, 0.1340819070106057, -0.17969156067364714, -0.12005126875985751, -0.025470072215545307, 0.12230315381028785, 0.20102178293465053, -0.09382634387476411, 0.45436378816921913, -0.2781584742885612, 0.06817454311935953, 0.0916440284361147, 0.47547025810353694, 0.042151500505492843, -0.27164080295203413, -0.011853571758602353, -0.13710725348529879, -0.03986234991109686], "dtype": "float64", "order": "row_major", "shape": [5, 5]}}, "direction": {"a": {"data": [0.34378028387692217, 0.036422440316099966, 0.034997978414162606, -0.13033515615928545, -0.22342164637492615, 0.036422440316099966, 0.24378376705379146, 0.08638498322047491, 0.039036450039694436, -0.32740729266249113, 0.034997978414162606, 0.08638498322047491, 0.3774366101543659, -0.3295940525238761, 0.013363286919456098, -0.13033515615928545, 0.039036450039694436, -0.3295940525238761, 0.08663627240878154, -0.1367960786100623, -0.22342164637492615, -0.32740729266249113, 0.013363286919456098, -0.1367960786100623, -0.21470216468887432], "dtype": "float64", "order": "row_major", "shape": [5, 5]}}, "fd_ref": {"hvp": {"a": {"data": [-0.022993137959362822, -0.003445622757003566, 0.0028303145153452916, 0.015454569849111005, 0.004681568983900335, -0.003445622757003566, -0.005590458617723065, -0.0007713085216682202, 0.0038368373902023284, 0.0026825271358604987, 0.0028303145153452916, -0.0007713085216682202, 8.138787785773348e-05, -0.0022098549567578217, 0.0012081434719236291, 0.015454569849111005, 0.0038368373902023284, -0.0022098549567578217, -0.0016626524167805698, -0.00040779194666242376, 0.004681568983900335, 0.0026825271358604987, 0.0012081434719236291, -0.00040779194666242376, 1.793828170770144e-05], "dtype": "float64", "order": "row_major", "shape": [5, 5]}}, "jvp": {"value": {"data": [0.11293424162543232, -0.0063597905314319945, -0.08165875088953155, -0.10775757690725081, -0.1929589869607355, 0.0, 0.0907286506430409, 0.08839425491604394, 0.020805541795549377, -0.15954068309107092, 0.0, 0.0, 0.08961194639833142, -0.057108396803441014, 0.11745687176998103, 0.0, 0.0, 0.0, 0.022723751898213237, 0.05537085423443665, 0.0, 0.0, 0.0, 0.0, 0.005035187298935489], "dtype": "float64", "order": "row_major", "shape": [5, 5]}}, "method": "central_difference", "stencil_order": 2, "step": 3.056087323225597e-05}, "probe_id": "p0", "pytorch_ref": {"hvp": {"a": {"data": [-0.022993137958487835, -0.0034456227572510862, 0.0028303145152396864, 0.015454569849014454, 0.0046815689835163436, -0.0034456227572510862, -0.005590458617379778, -0.0007713085217020447, 0.0038368373898845036, 0.0026825271361796557, 0.0028303145152396864, -0.0007713085217020447, 8.138787791469892e-05, -0.0022098549566168775, 0.0012081434718994996, 0.015454569849014454, 0.0038368373898845036, -0.0022098549566168775, -0.0016626524165501292, -0.00040779194678826526, 0.0046815689835163436, 0.0026825271361796557, 0.0012081434718994996, -0.00040779194678826526, 1.7938281629229333e-05], "dtype": "float64", "order": "row_major", "shape": [5, 5]}}, "jvp": {"value": {"data": [0.11293424162501967, -0.006359790531501059, -0.08165875089434066, -0.10775757690616893, -0.1929589869573174, 0.0, 0.09072865065425527, 0.08839425491728668, 0.02080554179162459, -0.1595406830904133, 0.0, 0.0, 0.08961194638968467, -0.05710839680297784, 0.11745687176840103, 0.0, 0.0, 0.0, 0.02272375189365784, 0.0553708542296976, 0.0, 0.0, 0.0, 0.0, 0.005035187290667829], "dtype": "float64", "order": "row_major", "shape": [5, 5]}}, "vjp": {"a": {"data": [0.12056956691206368, -0.039530410232652975, -0.033880307590752896, -0.12247759329150353, -0.10337459084134876, -0.039530410232652975, -0.09985897238594102, 0.019239964390592577, 0.05026867459980067, -0.11618820570266541, -0.033880307590752896, 0.019239964390592577, 0.02081856592070612, 0.038451869053663684, -0.007208968647250062, -0.12247759329150353, 0.05026867459980067, 0.038451869053663684, 0.04097707163745265, 0.10747140709032421, -0.10337459084134876, -0.11618820570266541, -0.007208968647250062, 0.10747140709032421, -0.01191692079652974], "dtype": "float64", "order": "row_major", "shape": [5, 5]}}}}], "provenance": {"fd_policy_version": "v1", "generator": "python-pytorch-v1", "seed": 17, "source_commit": "449b1768410104d3ed79d3bcfe4ba1d65c7f22c0", "source_file": "torch/testing/_internal/opinfo/definitions/linalg.py", "source_function": "sample_inputs_linalg_cholesky", "source_repo": "pytorch", "torch_version": "2.10.0"}, "schema_version": 1}
{"case_id": "cholesky_f64_identity_002", "comparison": {"first_order": {"atol": 1e-07, "kind": "allclose", "rtol": 0.0001}, "second_order": {"atol": 1e-08, "kind": "allclose", "rtol": 1e-05}}, "dtype": "float64", "expected_behavior": "success", "family": "identity", "inputs": {"a": {"data": [4.633195825779975, 1.2426593318515669, 4.293449377812579, 0.907713940270269, 1.8940629224831407, 1.2426593318515669, 4.098566054756816, 1.3755043327140566, 1.9485719888884347, -0.2716026449862361, 4.293449377812579, 1.3755043327140566, 25.913336235723865, -0.5953429863003866, 0.6445407206769402, 0.907713940270269, 1.9485719888884347, -0.5953429863003866, 10.455811180915932, -1.6421076495222757, 1.8940629224831407, -0.2716026449862361, 0.6445407206769402, -1.6421076495222757, 6.902202016020929], "dtype": "float64", "order": "row_major", "shape": [5, 5]}}, "observable": {"kind": "identity"}, "op": "cholesky", "op_kwargs": {"upper": false}, "probes": [{"cotangent": {"value": {"data": [-0.2542838599131542, -0.2853433099127111, 0.024414657882992453, 0.3658403408611698, 0.04703939078507824, -0.23735885199411855, -0.04020468093785429, -0.0672072470822537, 0.22704619440734344, -0.011965834509392417, 0.03512570054225566, 0.19473545535166625, 0.13105306288466967, 0.30194905581799175, 0.18549177829854804, -0.30223457195461745, -0.02797038342957102, -0.10701149913206214, -0.1986984852852635, -0.19874520941128032, -0.013866042598145542, 0.3675154534227297, -0.030680022502043228, -0.21915968860459278, 0.23324220066663573], "dtype": "float64", "order": "row_major", "shape": [5, 5]}}, "direction": {"a": {"data": [-0.08864299753021508, -0.0021053667679321254, 0.07481491892663422, -0.38536925050092397, -0.25599450855376643, -0.0021053667679321254, -0.14618131134397044, -0.08585441072462639, 0.32368284303152417, -0.07978719223111827, 0.07481491892663422, -0.08585441072462639, 0.12855675682524673, -0.24003275444299427, 0.20413577252681198, -0.38536925050092397, 0.32368284303152417, -0.24003275444299427, -0.05428306107910822, -0.11161623939791222, -0.25599450855376643, -0.07978719223111827, 0.20413577252681198, -0.11161623939791222, 0.22694820372971192], "dtype": "float64", "order": "row_major", "shape": [5, 5]}}, "fd_ref": {"hvp": {"a": {"data": [-0.000737502048617791, -0.0043868119141101565, -0.0036831917010988315, -0.007017345004095511, 0.0002232309871389401, -0.0043868119141101565, 0.0027764043058428967, 0.004187229205523214, 0.005144203214272174, 0.00907456193985005, -0.0036831917010988315, 0.004187229205523214, 0.00018743768370041666, 0.0006696054185096255, -0.001280886272103317, -0.007017345004095511, 0.005144203214272174, 0.0006696054185096255, -0.0005462956581340251, -0.0027012665845746356, 0.0002232309871389401, 0.00907456193985005, -0.001280886272103317, -0.0027012665845746356, -0.0032116940871827664], "dtype": "float64", "order": "row_major", "shape": [5, 5]}}, "jvp": {"value": {"data": [-0.029119848255432044, 0.0, 0.0, 0.0, 0.0, 0.006426915304080195, -0.05518160876554437, 0.0, 0.0, 0.0, 0.07613898057053621, -0.08854875879135639, -0.010838588485183093, 0.0, 0.0, -0.24748799570253985, 0.33312913577600994, 0.03372157474125013, -0.07035193958617018, 0.0, -0.15628772144672612, -0.025991472486026738, 0.10644799910954572, 0.09307550113343864, 0.1540723583067951], "dtype": "float64", "order": "row_major", "shape": [5, 5]}}, "method": "central_difference", "stencil_order": 2, "step": 3.056087323225597e-05}, "probe_id": "p0", "pytorch_ref": {"hvp": {"a": {"data": [-0.0007375020470612055, -0.0043868119150937855, -0.0036831917013112796, -0.007017345004040168, 0.00022323098712184842, -0.0043868119150937855, 0.0027764043060218738, 0.004187229205937944, 0.005144203214208765, 0.009074561939311328, -0.0036831917013112796, 0.004187229205937944, 0.00018743768364922768, 0.0006696054184687928, -0.0012808862720386255, -0.007017345004040168, 0.005144203214208765, 0.0006696054184687928, -0.0005462956581982787, -0.0027012665843834105, 0.00022323098712184842, 0.009074561939311328, -0.0012808862720386255, -0.0027012665843834105, -0.0032116940875552722], "dtype": "float64", "order": "row_major", "shape": [5, 5]}}, "jvp": {"value": {"data": [-0.02911984826048762, 0.0, 0.0, 0.0, 0.0, 0.00642691530609322, -0.05518160876907561, 0.0, 0.0, 0.0, 0.07613898058022583, -0.08854875879531783, -0.010838588470800587, 0.0, 0.0, -0.24748799570333618, 0.33312913577900216, 0.03372157474226853, -0.07035193959046289, 0.0, -0.15628772144308326, -0.025991472489646096, 0.10644799910690927, 0.09307550113253271, 0.15407235830757895], "dtype": "float64", "order": "row_major", "shape": [5, 5]}}, "vjp": {"a": {"data": [0.03343995212113117, -0.22336227057225402, -0.020538567604738184, -0.055368928007868884, -0.06650240473566724, -0.22336227057225402, 0.011694226117826003, 0.07890588606029322, 0.007200915693527286, 0.16565729820828473, -0.020538567604738184, 0.07890588606029322, 0.018081469266252106, -0.021694114887372325, -0.0038916984482243594, -0.055368928007868884, 0.007200915693527286, -0.021694114887372325, -0.052786910552743496, -0.03767959770787514, -0.06650240473566724, 0.16565729820828473, -0.0038916984482243594, -0.03767959770787514, 0.06972817302421076], "dtype": "float64", "order": "row_major", "shape": [5, 5]}}}}], "provenance": {"fd_policy_version": "v1", "generator": "python-pytorch-v1", "seed": 18, "source_commit": "449b1768410104d3ed79d3bcfe4ba1d65c7f22c0", "source_file": "torch/testing/_internal/opinfo/definitions/linalg.py", "source_function": "sample_inputs_linalg_cholesky", "source_repo": "pytorch", "torch_version": "2.10.0"}, "schema_version": 1}
{"case_id": "cholesky_f64_identity_003", "comparison": {"first_order": {"atol": 1e-07, "kind": "allclose", "rtol": 0.0001}, "second_order": {"atol": 1e-08, "kind": "allclose", "rtol": 1e-05}}, "dtype": "float64", "expected_behavior": "success", "family": "identity", "inputs": {"a": {"data": [], "dtype": "float64", "order": "row_major", "shape": [0, 0]}}, "observable": {"kind": "identity"}, "op": "cholesky", "op_kwargs": {"upper": true}, "probes": [{"cotangent": {"value": {"data": [], "dtype": "float64", "order": "row_major", "shape": [0, 0]}}, "direction": {"a": {"data": [], "dtype": "float64", "order": "row_major", "shape": [0, 0]}}, "fd_ref": {"hvp": {"a": {"data": [], "dtype": "float64", "order": "row_major", "shape": [0, 0]}}, "jvp": {"value": {"data": [], "dtype": "float64", "order": "row_major", "shape": [0, 0]}}, "method": "central_difference", "stencil_order": 2, "step": 1e-06}, "probe_id": "p0", "pytorch_ref": {"hvp": {"a": {"data": [], "dtype": "float64", "order": "row_major", "shape": [0, 0]}}, "jvp": {"value": {"data": [], "dtype": "float64", "order": "row_major", "shape": [0, 0]}}, "vjp": {"a": {"data": [], "dtype": "float64", "order": "row_major", "shape": [0, 0]}}}}], "provenance": {"fd_policy_version": "v1", "generator": "python-pytorch-v1", "seed": 19, "source_commit": "449b1768410104d3ed79d3bcfe4ba1d65c7f22c0", "source_file": "torch/testing/_internal/opinfo/definitions/linalg.py", "source_function": "sample_inputs_linalg_cholesky", "source_repo": "pytorch", "torch_version": "2.10.0"}, "schema_version": 1}
{"case_id": "cholesky_f64_identity_004", "comparison": {"first_order": {"atol": 1e-07, "kind": "allclose", "rtol": 0.0001}, "second_order": {"atol": 1e-08, "kind": "allclose", "rtol": 1e-05}}, "dtype": "float64", "expected_behavior": "success", "family": "identity", "inputs": {"a": {"data": [], "dtype": "float64", "order": "row_major", "shape": [0, 0]}}, "observable": {"kind": "identity"}, "op": "cholesky", "op_kwargs": {"upper": false}, "probes": [{"cotangent": {"value": {"data": [], "dtype": "float64", "order": "row_major", "shape": [0, 0]}}, "direction": {"a": {"data": [], "dtype": "float64", "order": "row_major", "shape": [0, 0]}}, "fd_ref": {"hvp": {"a": {"data": [], "dtype": "float64", "order": "row_major", "shape": [0, 0]}}, "jvp": {"value": {"data": [], "dtype": "float64", "order": "row_major", "shape": [0, 0]}}, "method": "central_difference", "stencil_order": 2, "step": 1e-06}, "probe_id": "p0", "pytorch_ref": {"hvp": {"a": {"data": [], "dtype": "float64", "order": "row_major", "shape": [0, 0]}}, "jvp": {"value": {"data": [], "dtype": "float64", "order": "row_major", "shape": [0, 0]}}, "vjp": {"a": {"data": [], "dtype": "float64", "order": "row_major", "shape": [0, 0]}}}}], "provenance": {"fd_policy_version": "v1", "generator": "python-pytorch-v1", "seed": 20, "source_commit": "449b1768410104d3ed79d3bcfe4ba1d65c7f22c0", "source_file": "torch/testing/_internal/opinfo/definitions/linalg.py", "source_function": "sample_inputs_linalg_cholesky", "source_repo": "pytorch", "torch_version": "2.10.0"}, "schema_version": 1}
{"case_id": "cholesky_f64_identity_005", "comparison": {"first_order": {"atol": 1e-07, "kind": "allclose", "rtol": 0.0001}, "second_order": {"atol": 1e-08, "kind": "allclose", "rtol": 1e-05}}, "dtype": "float64", "expected_behavior": "success", "family": "identity", "inputs": {"a": {"data": [], "dtype": "float64", "order": "row_major", "shape": [0, 5, 5]}}, "observable": {"kind": "identity"}, "op": "cholesky", "op_kwargs": {"upper": true}, "probes": [{"cotangent": {"value": {"data": [], "dtype": "float64", "order": "row_major", "shape": [0, 5, 5]}}, "direction": {"a": {"data": [], "dtype": "float64", "order": "row_major", "shape": [0, 5, 5]}}, "fd_ref": {"hvp": {"a": {"data": [], "dtype": "float64", "order": "row_major", "shape": [0, 5, 5]}}, "jvp": {"value": {"data": [], "dtype": "float64", "order": "row_major", "shape": [0, 5, 5]}}, "method": "central_difference", "stencil_order": 2, "step": 1e-06}, "probe_id": "p0", "pytorch_ref": {"hvp": {"a": {"data": [], "dtype": "float64", "order": "row_major", "shape": [0, 5, 5]}}, "jvp": {"value": {"data": [], "dtype": "float64", "order": "row_major", "shape": [0, 5, 5]}}, "vjp": {"a": {"data": [], "dtype": "float64", "order": "row_major", "shape": [0, 5, 5]}}}}], "provenance": {"fd_policy_version": "v1", "generator": "python-pytorch-v1", "seed": 21, "source_commit": "449b1768410104d3ed79d3bcfe4ba1d65c7f22c0", "source_file": "torch/testing/_internal/opinfo/definitions/linalg.py", "source_function": "sample_inputs_linalg_cholesky", "source_repo": "pytorch", "torch_version": "2.10.0"}, "schema_version": 1}
{"case_id": "cholesky_f64_identity_006", "comparison": {"first_order": {"atol": 1e-07, "kind": "allclose", "rtol": 0.0001}, "second_order": {"atol": 1e-08, "kind": "allclose", "rtol": 1e-05}}, "dtype": "float64", "expected_behavior": "success", "family": "identity", "inputs": {"a": {"data": [], "dtype": "float64", "order": "row_major", "shape": [0, 5, 5]}}, "observable": {"kind": "identity"}, "op": "cholesky", "op_kwargs": {"upper": false}, "probes": [{"cotangent": {"value": {"data": [], "dtype": "float64", "order": "row_major", "shape": [0, 5, 5]}}, "direction": {"a": {"data": [], "dtype": "float64", "order": "row_major", "shape": [0, 5, 5]}}, "fd_ref": {"hvp": {"a": {"data": [], "dtype": "float64", "order": "row_major", "shape": [0, 5, 5]}}, "jvp": {"value": {"data": [], "dtype": "float64", "order": "row_major", "shape": [0, 5, 5]}}, "method": "central_difference", "stencil_order": 2, "step": 1e-06}, "probe_id": "p0", "pytorch_ref": {"hvp": {"a": {"data": [], "dtype": "float64", "order": "row_major", "shape": [0, 5, 5]}}, "jvp": {"value": {"data": [], "dtype": "float64", "order": "row_major", "shape": [0, 5, 5]}}, "vjp": {"a": {"data": [], "dtype": "float64", "order": "row_major", "shape": [0, 5, 5]}}}}], "provenance": {"fd_policy_version": "v1", "generator": "python-pytorch-v1", "seed": 22, "source_commit": "449b1768410104d3ed79d3bcfe4ba1d65c7f22c0", "source_file": "torch/testing/_internal/opinfo/definitions/linalg.py", "source_function": "sample_inputs_linalg_cholesky", "source_repo": "pytorch", "torch_version": "2.10.0"}, "schema_version": 1}
{"case_id": "cholesky_f64_identity_007", "comparison": {"first_order": {"atol": 1e-07, "kind": "allclose", "rtol": 0.0001}, "second_order": {"atol": 1e-08, "kind": "allclose", "rtol": 1e-05}}, "dtype": "float64", "expected_behavior": "success", "family": "identity", "inputs": {"a": {"data": [], "dtype": "float64", "order": "row_major", "shape": [0, 0, 0]}}, "observable": {"kind": "identity"}, "op": "cholesky", "op_kwargs": {"upper": true}, "probes": [{"cotangent": {"value": {"data": [], "dtype": "float64", "order": "row_major", "shape": [0, 0, 0]}}, "direction": {"a": {"data": [], "dtype": "float64", "order": "row_major", "shape": [0, 0, 0]}}, "fd_ref": {"hvp": {"a": {"data": [], "dtype": "float64", "order": "row_major", "shape": [0, 0, 0]}}, "jvp": {"value": {"data": [], "dtype": "float64", "order": "row_major", "shape": [0, 0, 0]}}, "method": "central_difference", "stencil_order": 2, "step": 1e-06}, "probe_id": "p0", "pytorch_ref": {"hvp": {"a": {"data": [], "dtype": "float64", "order": "row_major", "shape": [0, 0, 0]}}, "jvp": {"value": {"data": [], "dtype": "float64", "order": "row_major", "shape": [0, 0, 0]}}, "vjp": {"a": {"data": [], "dtype": "float64", "order": "row_major", "shape": [0, 0, 0]}}}}], "provenance": {"fd_policy_version": "v1", "generator": "python-pytorch-v1", "seed": 23, "source_commit": "449b1768410104d3ed79d3bcfe4ba1d65c7f22c0", "source_file": "torch/testing/_internal/opinfo/definitions/linalg.py", "source_function": "sample_inputs_linalg_cholesky", "source_repo": "pytorch", "torch_version": "2.10.0"}, "schema_version": 1}
{"case_id": "cholesky_f64_identity_008", "comparison": {"first_order": {"atol": 1e-07, "kind": "allclose", "rtol": 0.0001}, "second_order": {"atol": 1e-08, "kind": "allclose", "rtol": 1e-05}}, "dtype": "float64", "expected_behavior": "success", "family": "identity", "inputs": {"a": {"data": [], "dtype": "float64", "order": "row_major", "shape": [0, 0, 0]}}, "observable": {"kind": "identity"}, "op": "cholesky", "op_kwargs": {"upper": false}, "probes": [{"cotangent": {"value": {"data": [], "dtype": "float64", "order": "row_major", "shape": [0, 0, 0]}}, "direction": {"a": {"data": [], "dtype": "float64", "order": "row_major", "shape": [0, 0, 0]}}, "fd_ref": {"hvp": {"a": {"data": [], "dtype": "float64", "order": "row_major", "shape": [0, 0, 0]}}, "jvp": {"value": {"data": [], "dtype": "float64", "order": "row_major", "shape": [0, 0, 0]}}, "method": "central_difference", "stencil_order": 2, "step": 1e-06}, "probe_id": "p0", "pytorch_ref": {"hvp": {"a": {"data": [], "dtype": "float64", "order": "row_major", "shape": [0, 0, 0]}}, "jvp": {"value": {"data": [], "dtype": "float64", "order": "row_major", "shape": [0, 0, 0]}}, "vjp": {"a": {"data": [], "dtype": "float64", "order": "row_major", "shape": [0, 0, 0]}}}}], "provenance": {"fd_policy_version": "v1", "generator": "python-pytorch-v1", "seed": 24, "source_commit": "449b1768410104d3ed79d3bcfe4ba1d65c7f22c0", "source_file": "torch/testing/_internal/opinfo/definitions/linalg.py", "source_function": "sample_inputs_linalg_cholesky", "source_repo": "pytorch", "torch_version": "2.10.0"}, "schema_version": 1}
{"case_id": "cholesky_f64_identity_009", "comparison": {"first_order": {"atol": 1e-07, "kind": "allclose", "rtol": 0.0001}, "second_order": {"atol": 1e-08, "kind": "allclose", "rtol": 1e-05}}, "dtype": "float64", "expected_behavior": "success", "family": "identity", "inputs": {"a": {"data": [4.633195825779975, 1.2475158633864614, -1.6530813850899904, -2.18611388658249, -0.38320284771247215, 1.2475158633864614, 4.116477824903546, 0.8601432110914696, -3.4747607165875904, -1.6644154561844413, -1.6530813850899904, 0.8601432110914696, 7.656560490880876, -1.3577398773687899, -2.8958089530151456, -2.18611388658249, -3.4747607165875904, -1.3577398773687899, 11.004880809351562, 0.8350303085623918, -0.38320284771247215, -1.6644154561844413, -2.8958089530151456, 0.8350303085623918, 6.475216216396256, 6.345818667706964, -3.2738430839333956, 1.8468247216519065, -0.4322205481039694, 0.4966849387429319, -3.2738430839333956, 12.183395615045164, -4.9973857396292365, -0.5865597681342263, 2.344412364789809, 1.8468247216519065, -4.9973857396292365, 7.711581395575194, 5.600580267140827, -4.670472462648478, -0.4322205481039694, -0.5865597681342263, 5.600580267140827, 24.401537320951764, -11.063737315044907, 0.4966849387429319, 2.344412364789809, -4.670472462648478, -11.063737315044907, 14.430447375804661], "dtype": "float64", "order": "row_major", "shape": [2, 5, 5]}}, "observable": {"kind": "identity"}, "op": "cholesky", "op_kwargs": {"upper": true}, "probes": [{"cotangent": {"value": {"data": [0.3034732576610478, -0.06813791521226051, 0.08523945564953928, 0.11738442531699099, 0.05033595714807049, -0.1362499987182158, -0.06829350739707726, 0.0770279807637679, 0.05568204149756323, -0.060911204746308484, 0.24599185940218496, -0.330048010300252, -0.0925711536237045, 0.02508521853984573, 0.021324253514318138, -0.015439333333555605, -0.17557378813088237, 0.09445492721026706, 0.23092834993546715, 0.08948347232604474, 0.13509177305036052, -0.02916871904782061, -0.18449857651531776, 0.2144908817757872, -0.1971842266953565, 0.15387480381816404, -0.025686709308249876, 0.12151415703107157, -0.027944164528334575, 0.08993625823402916, 0.22845145573594766, 0.1619748174004673, 0.022301073047949857, -0.015247548125698932, 0.06712358162032456, 0.1290637279044717, -0.1084889946371875, -0.12477499140908073, -0.057080517749028815, 0.004255340918691624, -0.15478215288634983, 0.007049304965015279, -0.18954750224036096, -0.0950348465019813, 0.12713708893494244, 0.24030170644840182, -0.284900388697351, 0.13125421295566816, 0.048184997412936345, 0.052575261493289734], "dtype": "float64", "order": "row_major", "shape": [2, 5, 5]}}, "direction": {"a": {"data": [0.01513289405564612, 0.09868411581152821, 0.036209143556547266, -0.11065975123897356, -0.15706020674243285, 0.09868411581152821, -0.008514074433345642, -0.05958348321566867, 0.07517515127596552, -0.01429016313388445, 0.036209143556547266, -0.05958348321566867, -0.04556817829361533, 0.17274431125602352, -0.06708078547544098, -0.11065975123897356, 0.07517515127596552, 0.17274431125602352, -0.1496709020305666, -0.13434830361795275, -0.15706020674243285, -0.01429016313388445, -0.06708078547544098, -0.13434830361795275, 0.24112818689311574, -0.13730155097656663, -0.06941378347631165, -0.007545644924688053, 0.1255844371392513, -0.2705493063425693, -0.06941378347631165, -0.4189479325062706, 0.11407065957378985, 0.0057297627277322965, 0.030755914457690915, -0.007545644924688053, 0.11407065957378985, 0.33676297070323447, -0.06336401698554903, -0.22102820776441712, 0.1255844371392513, 0.0057297627277322965, -0.06336401698554903, 0.20292577499361833, -0.09961766280108707, -0.2705493063425693, 0.030755914457690915, -0.22102820776441712, -0.09961766280108707, -0.0857316112023696], "dtype": "float64", "order": "row_major", "shape": [2, 5, 5]}}, "fd_ref": {"hvp": {"a": {"data": [0.000835088773242421, -0.00039591452118631685, -0.0014814569526775006, 0.0003580691843515109, -0.0019030754466786396, -0.00039591452118631685, -0.0025423067546390117, -0.0012851105541807901, -0.001415161450076366, -0.0004958520909123373, -0.0014814569526775006, -0.0012851105541807901, -0.0013536196780560095, -0.0008823456579380957, -0.0014818158673551038, 0.0003580691843515109, -0.001415161450076366, -0.0008823456579380957, 0.00024217902019321635, -0.0010645356762206233, -0.0019030754466786396, -0.0004958520909123373, -0.0014818158673551038, -0.0010645356762206233, 0.0006422373603454628, 0.0031513376942740373, 0.0011890858424475049, -0.0012467545637898894, 0.0009411846145106874, 0.00042206287143763056, 0.0011890858424475049, 0.0008816400850081945, 0.0008364422010944441, -0.0002746725478641801, 0.0009739168767451704, -0.0012467545637898894, 0.0008364422010944441, 0.003955293900468186, -0.0006424689492018095, 0.0021490545757686776, 0.0009411846145106874, -0.0002746725478641801, -0.0006424689492018095, 0.0001657304225530632, -0.00033286638416376836, 0.00042206287143763056, 0.0009739168767451704, 0.0021490545757686776, -0.00033286638416376836, 0.00014338300367423872], "dtype": "float64", "order": "row_major", "shape": [2, 5, 5]}}, "jvp": {"value": {"data": [0.004971262151052454, 0.063498310246203, 0.025563617074766756, -0.07035938733042656, -0.10277960188160666, 0.0, -0.02202361261465143, -0.01827298766779738, 0.09200477198733989, 0.016961371848818567, 0.0, 0.0, -0.00012537352500131133, 0.04948472140917773, -0.07597785414505011, 0.0, 0.0, 0.0, -0.006819762167430473, -0.07122049930435798, 0.0, 0.0, 0.0, 0.0, 0.030846475005898804, -0.038540435365561815, -0.05885201142156426, 0.006980316705578556, 0.06787787121424317, -0.14886940113257632, 0.0, -0.11505634282910021, 0.021573577191001336, 0.017739757886082144, -0.014201832234196006, 0.0, 0.0, 0.10969716002266537, -0.15246071607193482, -0.02674111489848045, 0.0, 0.0, 0.0, 0.11625343507388056, -0.04382467849753462, 0.0, 0.0, 0.0, 0.0, -0.04624202961887229], "dtype": "float64", "order": "row_major", "shape": [2, 5, 5]}}, "method": "central_difference", "stencil_order": 2, "step": 4.272344313433521e-05}, "probe_id": "p0", "pytorch_ref": {"hvp": {"a": {"data": [0.0008350887737052279, -0.00039591452112710016, -0.001481456952656343, 0.0003580691842593382, -0.0019030754466420365, -0.00039591452112710016, -0.002542306754551692, -0.0012851105542156832, -0.0014151614498830712, -0.0004958520909771507, -0.001481456952656343, -0.0012851105542156832, -0.0013536196779475578, -0.0008823456579172014, -0.0014818158673243309, 0.0003580691842593382, -0.0014151614498830712, -0.0008823456579172014, 0.00024217902014776578, -0.001064535676190278, -0.0019030754466420365, -0.0004958520909771507, -0.0014818158673243309, -0.001064535676190278, 0.0006422373603137058, 0.003151337694022149, 0.001189085842438642, -0.0012467545638217812, 0.0009411846145251238, 0.0004220628714919814, 0.001189085842438642, 0.000881640084971571, 0.0008364422009978401, -0.0002746725478480791, 0.0009739168767693146, -0.0012467545638217812, 0.0008364422009978401, 0.00395529390034361, -0.0006424689490796949, 0.002149054575811059, 0.0009411846145251238, -0.0002746725478480791, -0.0006424689490796949, 0.00016573042249190038, -0.0003328663841159777, 0.0004220628714919814, 0.0009739168767693146, 0.002149054575811059, -0.0003328663841159777, 0.00014338300366714305], "dtype": "float64", "order": "row_major", "shape": [2, 5, 5]}}, "jvp": {"value": {"data": [0.00497126215178185, 0.06349831024666582, 0.025563617074438834, -0.07035938733125313, -0.10277960188167583, 0.0, -0.022023612620715352, -0.018272987663699558, 0.09200477198660587, 0.016961371847456122, 0.0, 0.0, -0.00012537352698617022, 0.04948472140985839, -0.07597785414267705, 0.0, 0.0, 0.0, -0.0068197621707328905, -0.0712204993052229, 0.0, 0.0, 0.0, 0.0, 0.030846475010476864, -0.03854043536807111, -0.058852011420719996, 0.006980316704462712, 0.06787787121434997, -0.1488694011333184, 0.0, -0.11505634283437964, 0.02157357718663872, 0.017739757885545333, -0.014201832232864363, 0.0, 0.0, 0.10969716002439737, -0.15246071607633543, -0.026741114906777372, 0.0, 0.0, 0.0, 0.11625343507007306, -0.043824678494494895, 0.0, 0.0, 0.0, 0.0, -0.04624202961570512], "dtype": "float64", "order": "row_major", "shape": [2, 5, 5]}}, "vjp": {"a": {"data": [0.12813115874562273, 0.02440231225057446, 0.014717037097895062, 0.05935288401705037, 0.021191760133030965, 0.02440231225057446, -0.005029326289385407, 0.04856405653671639, 0.06515230681907677, -0.031877938490596794, 0.014717037097895062, 0.04856405653671639, -0.02740364862969468, 0.023037642892959245, -0.015732516537033656, 0.05935288401705037, 0.06515230681907677, 0.023037642892959245, 0.06122842784593791, 0.014804607433184546, 0.021191760133030965, -0.031877938490596794, -0.015732516537033656, 0.014804607433184546, -0.06407389093576467, 0.0312611690692616, 0.009620643345801597, 0.045105342688577084, -0.015962176467558924, 0.034246887887652885, 0.009620643345801597, 0.028411052767335385, -0.011407160728771768, -0.007810101174221351, 0.007849932404541701, 0.045105342688577084, -0.011407160728771768, -0.05273232429443979, 0.005854036072526913, -0.014514074792565593, -0.015962176467558924, -0.007810101174221351, 0.005854036072526913, -0.005877626600166498, 0.02536059573479423, 0.034246887887652885, 0.007849932404541701, -0.014514074792565593, 0.02536059573479423, 0.012767948255286522], "dtype": "float64", "order": "row_major", "shape": [2, 5, 5]}}}}], "provenance": {"fd_policy_version": "v1", "generator": "python-pytorch-v1", "seed": 25, "source_commit": "449b1768410104d3ed79d3bcfe4ba1d65c7f22c0", "source_file": "torch/testing/_internal/opinfo/definitions/linalg.py", "source_function": "sample_inputs_linalg_cholesky", "source_repo": "pytorch", "torch_version": "2.10.0"}, "schema_version": 1}
{"case_id": "cholesky_f64_identity_010", "comparison": {"first_order": {"atol": 1e-07, "kind": "allclose", "rtol": 0.0001}, "second_order": {"atol": 1e-08, "kind": "allclose", "rtol": 1e-05}}, "dtype": "float64", "expected_behavior": "success", "family": "identity", "inputs": {"a": {"data": [4.633195825779975, 1.2475158633864614, -1.6530813850899904, -2.18611388658249, -0.38320284771247215, 1.2475158633864614, 4.116477824903546, 0.8601432110914696, -3.4747607165875904, -1.6644154561844413, -1.6530813850899904, 0.8601432110914696, 7.656560490880876, -1.3577398773687899, -2.8958089530151456, -2.18611388658249, -3.4747607165875904, -1.3577398773687899, 11.004880809351562, 0.8350303085623918, -0.38320284771247215, -1.6644154561844413, -2.8958089530151456, 0.8350303085623918, 6.475216216396256, 6.345818667706964, -3.2738430839333956, 1.8468247216519065, -0.4322205481039694, 0.4966849387429319, -3.2738430839333956, 12.183395615045164, -4.9973857396292365, -0.5865597681342263, 2.344412364789809, 1.8468247216519065, -4.9973857396292365, 7.711581395575194, 5.600580267140827, -4.670472462648478, -0.4322205481039694, -0.5865597681342263, 5.600580267140827, 24.401537320951764, -11.063737315044907, 0.4966849387429319, 2.344412364789809, -4.670472462648478, -11.063737315044907, 14.430447375804661], "dtype": "float64", "order": "row_major", "shape": [2, 5, 5]}}, "observable": {"kind": "identity"}, "op": "cholesky", "op_kwargs": {"upper": false}, "probes": [{"cotangent": {"value": {"data": [0.1837280575957917, 0.022027311176806355, 0.1478068667954217, -0.3013465024320239, 0.2860175279624649, 0.05456916118285091, 0.13429171803954174, 0.024093212675079308, 0.15404555909782366, 0.006262446340698243, 0.03939143655282767, -0.028651373874172558, 0.14760220440398433, 0.09455507093705835, -0.06211417370510688, 0.14411273546333542, -0.02826846759032871, 0.12493654034165855, 0.05386673064524105, -0.24113469438080706, 0.17261384790456083, 0.11805956374194072, 0.10346463512249764, -0.3050622706856576, -0.09268118986851612, 0.006428451511898988, -0.05269720660728232, -0.014842325754651121, -0.1777064922601714, -0.13864928415093722, -0.07552588631784689, 0.239969386957141, -0.07890749151962954, -0.10198744000260852, -0.21796488989164214, 0.13531193641680409, -0.11434893799236497, 0.06438184676547057, -0.08819585541456139, 0.16617957220325014, -0.19743355109128843, -0.005177781316870827, -0.12898425620163648, 0.10566971847581073, 0.15768989807302888, -0.059084703096380795, -0.10764157998384279, -0.07623628142738798, 0.013017426140953482, 0.2640716904560711], "dtype": "float64", "order": "row_major", "shape": [2, 5, 5]}}, "direction": {"a": {"data": [-0.05076617280969822, -0.1723519005063027, 0.15638519307019985, -0.038825061706307507, 0.32594878202156574, -0.1723519005063027, -0.23093186639862534, 0.036695873314161846, -0.15057666224184127, 0.14836626408983522, 0.15638519307019985, 0.036695873314161846, 0.261275893442885, 0.1559230587067719, 0.12895209868213475, -0.038825061706307507, -0.15057666224184127, 0.1559230587067719, -0.25603369921900726, 0.1274474195436109, 0.32594878202156574, 0.14836626408983522, 0.12895209868213475, 0.1274474195436109, 4.587085841040871e-05, -0.1213600168256815, -0.05554592268622951, -0.033232283103996375, 0.013593910768484803, -0.1072431888445151, -0.05554592268622951, -0.16888756857428386, 0.0628591948427219, 0.11818717270627618, -0.0044577779393823805, -0.033232283103996375, 0.0628591948427219, 0.05232736982893711, -0.2525527031248384, -0.022304310843389203, 0.013593910768484803, 0.11818717270627618, -0.2525527031248384, -0.15132161352597984, 0.0842026435607825, -0.1072431888445151, -0.0044577779393823805, -0.022304310843389203, 0.0842026435607825, -0.0275955128071029], "dtype": "float64", "order": "row_major", "shape": [2, 5, 5]}}, "fd_ref": {"hvp": {"a": {"data": [-0.0006779577366007007, 0.0060363346231408635, -0.0009347456589077459, 0.006904952617227659, 0.0035664279889919413, 0.0060363346231408635, -0.008036129344241251, 0.004712547820379904, 0.0003638812122849155, -0.009085982339869833, -0.0009347456589077459, 0.004712547820379904, 0.000987936870729902, 0.003399189395258804, 0.005238384502778549, 0.006904952617227659, 0.0003638812122849155, 0.003399189395258804, 0.0032345732861328042, -0.0019289265702519664, 0.0035664279889919413, -0.009085982339869833, 0.005238384502778549, -0.0019289265702519664, 0.001209042332214646, -5.115567025916277e-05, 0.0009682568545570922, 0.0006621886844680184, -0.0009458654566024746, -0.0003457929688756768, 0.0009682568545570922, 0.0005271139154653238, -0.0012020138118419904, 0.00021470380600853626, -0.00027307425128756486, 0.0006621886844680184, -0.0012020138118419904, -0.0034551691302691346, 0.0016182181773553674, 0.0009674907890671541, -0.0009458654566024746, 0.00021470380600853626, 0.0016182181773553674, -0.00011743042293356764, 6.584533343361217e-05, -0.0003457929688756768, -0.00027307425128756486, 0.0009674907890671541, 6.584533343361217e-05, 0.00011580984919873125], "dtype": "float64", "order": "row_major", "shape": [2, 5, 5]}}, "jvp": {"value": {"data": [-0.01667704488565702, 0.0, 0.0, 0.0, 0.0, -0.10874722878728323, -0.05156778429276714, 0.0, 0.0, 0.0, 0.09679705682743169, -0.02731174022397366, 0.10785514854459102, 0.0, 0.0, -0.03337746101640007, -0.19574153329314764, 0.1679118893788534, -0.15661242442139447, 0.0, 0.21277360887214802, 0.01323715010965744, 0.16979602658959161, 0.15840088539576208, 0.12354695732075109, -0.034065659505187106, 0.0, 0.0, 0.0, 0.0, -0.048758054875082474, -0.05642468987169903, 0.0, 0.0, 0.0, -0.008742415625413287, 0.013222108000143833, 0.02528568605822223, 0.0, 0.0, 0.005311350946068718, 0.046790585440009656, -0.15133333909151256, 0.05753606316477983, 0.0, -0.057539847509876056, -0.00807927375518103, 0.013650527483833878, -0.0256129123237944, -0.007436084313690916], "dtype": "float64", "order": "row_major", "shape": [2, 5, 5]}}, "method": "central_difference", "stencil_order": 2, "step": 4.272344313433521e-05}, "probe_id": "p0", "pytorch_ref": {"hvp": {"a": {"data": [-0.0006779577366883417, 0.0060363346229632, -0.0009347456588888667, 0.006904952617244522, 0.003566427989090883, 0.0060363346229632, -0.008036129344178316, 0.00471254782047583, 0.0003638812122667188, -0.009085982339335393, -0.0009347456588888667, 0.00471254782047583, 0.0009879368705036369, 0.0033991893952935934, 0.005238384502644517, 0.006904952617244522, 0.0003638812122667188, 0.0033991893952935934, 0.003234573286049196, -0.0019289265698827474, 0.003566427989090883, -0.009085982339335393, 0.005238384502644517, -0.0019289265698827474, 0.0012090423320786099, -5.115567028222737e-05, 0.000968256854639667, 0.0006621886843802917, -0.0009458654567357393, -0.0003457929689947182, 0.000968256854639667, 0.0005271139155173117, -0.0012020138118121898, 0.00021470380591442814, -0.00027307425131962087, 0.0006621886843802917, -0.0012020138118121898, -0.0034551691300663953, 0.0016182181773089109, 0.0009674907890988944, -0.0009458654567357393, 0.00021470380591442814, 0.0016182181773089109, -0.00011743042297890102, 6.584533341286695e-05, -0.0003457929689947182, -0.00027307425131962087, 0.0009674907890988944, 6.584533341286695e-05, 0.00011580984915680252], "dtype": "float64", "order": "row_major", "shape": [2, 5, 5]}}, "jvp": {"value": {"data": [-0.016677044889870814, 0.0, 0.0, 0.0, 0.0, -0.1087472287846515, -0.051567784288822555, 0.0, 0.0, 0.0, 0.0967970568235196, -0.02731174022292158, 0.10785514854500168, 0.0, 0.0, -0.03337746101510437, -0.19574153328637142, 0.1679118893766787, -0.15661242441410467, 0.0, 0.2127736088716163, 0.01323715010554359, 0.16979602658863044, 0.15840088539342792, 0.1235469573117519, -0.034065659502538856, 0.0, 0.0, 0.0, 0.0, -0.04875805487812273, -0.056424689871392174, 0.0, 0.0, 0.0, -0.008742415620969533, 0.013222107999027649, 0.025285686055032272, 0.0, 0.0, 0.00531135094552709, 0.046790585439578015, -0.15133333909220612, 0.05753606316663788, 0.0, -0.05753984750940413, -0.0080792737539175, 0.013650527483112504, -0.02561291232789689, -0.00743608431251048], "dtype": "float64", "order": "row_major", "shape": [2, 5, 5]}}, "vjp": {"a": {"data": [0.10528570856141428, -0.015113034645128962, 0.035755988060262894, 0.0551064272878381, 0.025412367748743395, -0.015113034645128962, 0.009421841620730637, -0.020841696515669424, -0.04305194374941436, -0.03328416005791099, 0.035755988060262894, -0.020841696515669424, 0.042349930548730715, 0.003927950902234014, 0.0029072780173198505, 0.0551064272878381, -0.04305194374941436, 0.003927950902234014, 0.003332331280986427, -0.08223364883242695, 0.025412367748743395, -0.03328416005791099, 0.0029072780173198505, -0.08223364883242695, -0.03011622456296624, 0.0027140454081068695, 0.011694745767869334, 0.015332215228736318, -0.05418423586464662, -0.0386980693592949, 0.011694745767869334, 0.05875504985559958, -0.0038717939087872418, -0.023521632604465305, -0.03907032179171538, 0.015332215228736318, -0.0038717939087872418, 0.06122428571411838, -0.04667555485121454, -0.00440758407938236, -0.05418423586464662, -0.023521632604465305, -0.04667555485121454, 0.026896055576851104, 0.026137460863124504, -0.0386980693592949, -0.03907032179171538, -0.00440758407938236, 0.026137460863124504, 0.06413004108138359], "dtype": "float64", "order": "row_major", "shape": [2, 5, 5]}}}}], "provenance": {"fd_policy_version": "v1", "generator": "python-pytorch-v1", "seed": 26, "source_commit": "449b1768410104d3ed79d3bcfe4ba1d65c7f22c0", "source_file": "torch/testing/_internal/opinfo/definitions/linalg.py", "source_function": "sample_inputs_linalg_cholesky", "source_repo": "pytorch", "torch_version": "2.10.0"}, "schema_version": 1}
